26770000	26770000	894.3502
26770000	26775000	474.6403
26775000	26775000	925.46173
26770000	26780000	248.45511
26775000	26780000	409.52197
26780000	26780000	938.5653
26770000	26785000	179.05879
26775000	26785000	226.31787
26780000	26785000	336.8047
26785000	26785000	981.3984
26770000	26790000	121.62525
26775000	26790000	146.83052
26780000	26790000	200.73921
26785000	26790000	418.42422
26790000	26790000	900.15924
26770000	26795000	79.986435
26775000	26795000	84.32394
26780000	26795000	117.474724
26785000	26795000	123.806854
26790000	26795000	327.60464
26795000	26795000	1071.761
26770000	26800000	55.74329
26775000	26800000	53.937447
26780000	26800000	71.10694
26785000	26800000	94.15277
26790000	26800000	135.1581
26795000	26800000	273.46805
26800000	26800000	1033.7996
26770000	26805000	54.982708
26775000	26805000	45.3521
26780000	26805000	59.18476
26785000	26805000	85.476616
26790000	26805000	106.757126
26795000	26805000	211.16895
26800000	26805000	534.57587
26805000	26805000	1086.4158
26770000	26810000	52.66079
26775000	26810000	48.617428
26780000	26810000	51.14527
26785000	26810000	82.4063
26790000	26810000	91.76582
26795000	26810000	172.47466
26800000	26810000	307.6011
26805000	26810000	419.5933
26810000	26810000	1151.3674
26770000	26815000	42.392525
26775000	26815000	43.963707
26780000	26815000	55.111897
26785000	26815000	57.183086
26790000	26815000	70.45073
26795000	26815000	144.94005
26800000	26815000	269.61664
26805000	26815000	322.81714
26810000	26815000	516.6026
26815000	26815000	1109.3077
26770000	26820000	56.874836
26775000	26820000	50.717236
26780000	26820000	61.315437
26785000	26820000	83.282684
26790000	26820000	84.49246
26795000	26820000	154.571
26800000	26820000	238.70013
26805000	26820000	269.69827
26810000	26820000	332.33978
26815000	26820000	495.62827
26820000	26820000	1067.4084
26770000	26825000	57.238316
26775000	26825000	54.20352
26780000	26825000	62.822258
26785000	26825000	77.71599
26790000	26825000	118.41903
26795000	26825000	205.96075
26800000	26825000	211.91333
26805000	26825000	209.593
26810000	26825000	218.56142
26815000	26825000	294.25574
26820000	26825000	448.1449
26825000	26825000	1106.6353
26770000	26830000	40.952484
26775000	26830000	39.24841
26780000	26830000	68.20544
26785000	26830000	69.2564
26790000	26830000	98.9885
26795000	26830000	167.95491
26800000	26830000	134.12389
26805000	26830000	121.96871
26810000	26830000	134.69261
26815000	26830000	138.53816
26820000	26830000	160.51169
26825000	26830000	355.85074
26830000	26830000	1308.8118
26770000	26835000	55.304436
26775000	26835000	52.70201
26780000	26835000	55.58259
26785000	26835000	76.26352
26790000	26835000	83.69663
26795000	26835000	127.13625
26800000	26835000	108.05939
26805000	26835000	106.22202
26810000	26835000	112.92887
26815000	26835000	125.09599
26820000	26835000	131.19339
26825000	26835000	193.2555
26830000	26835000	483.18222
26835000	26835000	935.2626
26770000	26840000	44.60838
26775000	26840000	51.804302
26780000	26840000	40.86794
26785000	26840000	60.258526
26790000	26840000	74.53367
26795000	26840000	89.3753
26800000	26840000	96.98233
26805000	26840000	96.32852
26810000	26840000	95.59599
26815000	26840000	91.05224
26820000	26840000	104.07193
26825000	26840000	140.16548
26830000	26840000	207.99779
26835000	26840000	445.5427
26840000	26840000	1003.2678
26770000	26845000	47.76583
26775000	26845000	49.33001
26780000	26845000	48.00607
26785000	26845000	63.421936
26790000	26845000	75.06659
26795000	26845000	74.72611
26800000	26845000	89.78494
26805000	26845000	91.88658
26810000	26845000	101.277084
26815000	26845000	107.80544
26820000	26845000	108.88207
26825000	26845000	119.49212
26830000	26845000	187.60017
26835000	26845000	289.95496
26840000	26845000	623.93536
26845000	26845000	1022.04047
26770000	26850000	51.57966
26775000	26850000	49.734802
26780000	26850000	48.88889
26785000	26850000	55.246975
26790000	26850000	69.35166
26795000	26850000	87.95199
26800000	26850000	92.48105
26805000	26850000	96.21231
26810000	26850000	86.89153
26815000	26850000	83.26614
26820000	26850000	107.549515
26825000	26850000	120.36105
26830000	26850000	124.89543
26835000	26850000	239.53792
26840000	26850000	332.79123
26845000	26850000	498.54135
26850000	26850000	1147.8647
26770000	26855000	46.0721
26775000	26855000	56.99354
26780000	26855000	61.067356
26785000	26855000	62.469933
26790000	26855000	79.26638
26795000	26855000	124.39985
26800000	26855000	87.35431
26805000	26855000	88.139915
26810000	26855000	93.36111
26815000	26855000	103.85577
26820000	26855000	94.58433
26825000	26855000	119.93789
26830000	26855000	183.20256
26835000	26855000	226.79634
26840000	26855000	259.64713
26845000	26855000	291.44727
26850000	26855000	545.5291
26855000	26855000	883.7846
26770000	26860000	47.872677
26775000	26860000	54.79051
26780000	26860000	49.25901
26785000	26860000	76.1715
26790000	26860000	80.254425
26795000	26860000	103.63596
26800000	26860000	104.91608
26805000	26860000	94.03773
26810000	26860000	91.68764
26815000	26860000	89.27284
26820000	26860000	97.30173
26825000	26860000	112.661995
26830000	26860000	153.46265
26835000	26860000	156.52742
26840000	26860000	167.7957
26845000	26860000	173.0678
26850000	26860000	228.12561
26855000	26860000	452.8018
26860000	26860000	925.8545
26770000	26865000	57.19035
26775000	26865000	50.360172
26780000	26865000	52.401585
26785000	26865000	65.95345
26790000	26865000	81.63928
26795000	26865000	125.060036
26800000	26865000	87.092155
26805000	26865000	82.447205
26810000	26865000	79.599915
26815000	26865000	88.430756
26820000	26865000	96.20939
26825000	26865000	96.00924
26830000	26865000	136.9409
26835000	26865000	151.86597
26840000	26865000	161.37221
26845000	26865000	142.23834
26850000	26865000	189.40623
26855000	26865000	208.2644
26860000	26865000	530.3665
26865000	26865000	1101.3956
26770000	26870000	45.64329
26775000	26870000	58.00839
26780000	26870000	54.781498
26785000	26870000	71.23493
26790000	26870000	81.45314
26795000	26870000	107.44933
26800000	26870000	88.51936
26805000	26870000	87.319565
26810000	26870000	74.439476
26815000	26870000	81.14378
26820000	26870000	83.248604
26825000	26870000	100.58971
26830000	26870000	128.4651
26835000	26870000	149.21048
26840000	26870000	128.51025
26845000	26870000	139.04854
26850000	26870000	143.34665
26855000	26870000	203.75804
26860000	26870000	277.63126
26865000	26870000	514.5748
26870000	26870000	945.1334
26770000	26875000	52.77418
26775000	26875000	58.24458
26780000	26875000	48.44563
26785000	26875000	83.57371
26790000	26875000	81.19732
26795000	26875000	113.11549
26800000	26875000	82.322975
26805000	26875000	88.809845
26810000	26875000	80.73682
26815000	26875000	84.95598
26820000	26875000	88.39892
26825000	26875000	96.89024
26830000	26875000	125.45843
26835000	26875000	133.55638
26840000	26875000	116.52012
26845000	26875000	128.07957
26850000	26875000	122.73846
26855000	26875000	163.02145
26860000	26875000	196.94853
26865000	26875000	242.22498
26870000	26875000	428.2496
26875000	26875000	860.2103
26770000	26880000	45.867176
26775000	26880000	51.86127
26780000	26880000	49.032936
26785000	26880000	82.65656
26790000	26880000	83.261566
26795000	26880000	95.8242
26800000	26880000	68.065025
26805000	26880000	58.850704
26810000	26880000	70.03338
26815000	26880000	74.284706
26820000	26880000	74.796326
26825000	26880000	91.42911
26830000	26880000	102.32787
26835000	26880000	102.394135
26840000	26880000	97.61179
26845000	26880000	91.26199
26850000	26880000	85.90696
26855000	26880000	122.38811
26860000	26880000	133.65004
26865000	26880000	156.35329
26870000	26880000	202.55716
26875000	26880000	433.10773
26880000	26880000	978.5886
26770000	26885000	44.98822
26775000	26885000	48.581654
26780000	26885000	41.60582
26785000	26885000	54.845898
26790000	26885000	74.010796
26795000	26885000	72.574554
26800000	26885000	54.474804
26805000	26885000	70.36545
26810000	26885000	64.04581
26815000	26885000	46.598484
26820000	26885000	57.31882
26825000	26885000	60.22075
26830000	26885000	68.07641
26835000	26885000	77.75779
26840000	26885000	61.01254
26845000	26885000	61.86526
26850000	26885000	80.60671
26855000	26885000	81.87673
26860000	26885000	113.95558
26865000	26885000	128.87755
26870000	26885000	135.04497
26875000	26885000	203.8212
26880000	26885000	507.8383
26885000	26885000	1228.2412
26770000	26890000	41.833397
26775000	26890000	46.12935
26780000	26890000	43.95488
26785000	26890000	57.48557
26790000	26890000	53.969036
26795000	26890000	62.22664
26800000	26890000	58.638355
26805000	26890000	55.28109
26810000	26890000	58.193527
26815000	26890000	63.627254
26820000	26890000	63.322876
26825000	26890000	58.43279
26830000	26890000	70.468666
26835000	26890000	65.74484
26840000	26890000	71.4276
26845000	26890000	68.71058
26850000	26890000	70.90096
26855000	26890000	79.1359
26860000	26890000	85.96633
26865000	26890000	102.63083
26870000	26890000	110.96524
26875000	26890000	145.10829
26880000	26890000	217.5518
26885000	26890000	383.0144
26890000	26890000	1074.8142
26770000	26895000	34.79239
26775000	26895000	38.991722
26780000	26895000	45.871185
26785000	26895000	37.858486
26790000	26895000	47.781307
26795000	26895000	53.42269
26800000	26895000	52.43967
26805000	26895000	49.971764
26810000	26895000	56.72086
26815000	26895000	47.872036
26820000	26895000	58.57297
26825000	26895000	59.02216
26830000	26895000	51.895603
26835000	26895000	59.026802
26840000	26895000	58.19101
26845000	26895000	62.847015
26850000	26895000	73.849335
26855000	26895000	58.140617
26860000	26895000	77.50397
26865000	26895000	77.15458
26870000	26895000	82.83971
26875000	26895000	99.74131
26880000	26895000	168.0705
26885000	26895000	248.79773
26890000	26895000	403.702
26895000	26895000	1197.6097
26770000	26900000	36.713123
26775000	26900000	37.616028
26780000	26900000	39.487087
26785000	26900000	49.191772
26790000	26900000	46.404625
26795000	26900000	49.5804
26800000	26900000	61.9942
26805000	26900000	56.681183
26810000	26900000	52.6244
26815000	26900000	50.44608
26820000	26900000	53.30232
26825000	26900000	45.298504
26830000	26900000	51.899586
26835000	26900000	61.162323
26840000	26900000	62.870956
26845000	26900000	66.58501
26850000	26900000	67.103134
26855000	26900000	61.858227
26860000	26900000	62.397564
26865000	26900000	66.41663
26870000	26900000	96.71491
26875000	26900000	115.72417
26880000	26900000	145.25809
26885000	26900000	224.1329
26890000	26900000	277.0527
26895000	26900000	476.39694
26900000	26900000	966.6517
26770000	26905000	26.15931
26775000	26905000	29.97595
26780000	26905000	43.437103
26785000	26905000	38.365345
26790000	26905000	45.317104
26795000	26905000	60.905167
26800000	26905000	44.63907
26805000	26905000	50.04502
26810000	26905000	55.564243
26815000	26905000	49.34939
26820000	26905000	48.61634
26825000	26905000	54.76795
26830000	26905000	52.590393
26835000	26905000	60.92479
26840000	26905000	68.597855
26845000	26905000	76.752716
26850000	26905000	64.02811
26855000	26905000	66.20114
26860000	26905000	74.02123
26865000	26905000	69.78723
26870000	26905000	75.02923
26875000	26905000	93.93539
26880000	26905000	145.79448
26885000	26905000	177.57901
26890000	26905000	202.35393
26895000	26905000	293.0252
26900000	26905000	436.79648
26905000	26905000	981.05707
26770000	26910000	38.348904
26775000	26910000	34.711327
26780000	26910000	34.25936
26785000	26910000	48.814377
26790000	26910000	53.02567
26795000	26910000	60.8464
26800000	26910000	50.966854
26805000	26910000	51.782333
26810000	26910000	50.72523
26815000	26910000	46.37709
26820000	26910000	52.52276
26825000	26910000	52.915264
26830000	26910000	56.78918
26835000	26910000	58.92936
26840000	26910000	53.202213
26845000	26910000	47.312366
26850000	26910000	62.304863
26855000	26910000	69.44413
26860000	26910000	67.74028
26865000	26910000	61.004906
26870000	26910000	94.35126
26875000	26910000	93.02155
26880000	26910000	103.11473
26885000	26910000	145.60818
26890000	26910000	177.98753
26895000	26910000	194.54405
26900000	26910000	243.06854
26905000	26910000	515.9662
26910000	26910000	1581.8575
26770000	26915000	39.349987
26775000	26915000	38.705032
26780000	26915000	47.179947
26785000	26915000	43.234417
26790000	26915000	64.65884
26795000	26915000	65.926186
26800000	26915000	55.22184
26805000	26915000	52.073334
26810000	26915000	54.892212
26815000	26915000	64.57854
26820000	26915000	58.880627
26825000	26915000	61.41172
26830000	26915000	57.457962
26835000	26915000	57.68859
26840000	26915000	80.644745
26845000	26915000	66.60955
26850000	26915000	63.594826
26855000	26915000	60.273727
26860000	26915000	62.55775
26865000	26915000	68.71596
26870000	26915000	76.432304
26875000	26915000	95.227554
26880000	26915000	115.12453
26885000	26915000	118.9715
26890000	26915000	172.10606
26895000	26915000	179.93045
26900000	26915000	213.9604
26905000	26915000	259.54617
26910000	26915000	361.0447
26915000	26915000	1010.2388
26770000	26920000	39.17676
26775000	26920000	34.666588
26780000	26920000	31.021784
26785000	26920000	60.068462
26790000	26920000	54.91553
26795000	26920000	67.545944
26800000	26920000	60.46144
26805000	26920000	62.964073
26810000	26920000	64.49757
26815000	26920000	57.622208
26820000	26920000	61.956844
26825000	26920000	51.337143
26830000	26920000	56.911865
26835000	26920000	71.10868
26840000	26920000	67.36265
26845000	26920000	70.313065
26850000	26920000	67.70032
26855000	26920000	71.00084
26860000	26920000	66.35195
26865000	26920000	79.41989
26870000	26920000	80.91669
26875000	26920000	103.21001
26880000	26920000	117.33496
26885000	26920000	125.24678
26890000	26920000	149.55702
26895000	26920000	146.92844
26900000	26920000	184.97038
26905000	26920000	194.80011
26910000	26920000	228.41939
26915000	26920000	361.78967
26920000	26920000	992.3945
26770000	26925000	36.061947
26775000	26925000	38.53126
26780000	26925000	52.242622
26785000	26925000	40.940784
26790000	26925000	71.28417
26795000	26925000	56.54123
26800000	26925000	64.361984
26805000	26925000	66.37032
26810000	26925000	47.06777
26815000	26925000	55.907925
26820000	26925000	58.13184
26825000	26925000	61.75354
26830000	26925000	53.019608
26835000	26925000	59.802715
26840000	26925000	68.06575
26845000	26925000	55.97639
26850000	26925000	64.13151
26855000	26925000	66.941666
26860000	26925000	80.37891
26865000	26925000	68.66302
26870000	26925000	90.822784
26875000	26925000	90.38229
26880000	26925000	89.90773
26885000	26925000	130.64
26890000	26925000	115.24406
26895000	26925000	136.04128
26900000	26925000	147.75282
26905000	26925000	148.1701
26910000	26925000	164.11705
26915000	26925000	270.27618
26920000	26925000	411.5289
26925000	26925000	1883.6091
26770000	26930000	43.74392
26775000	26930000	54.327724
26780000	26930000	59.694145
26785000	26930000	71.51778
26790000	26930000	103.38894
26795000	26930000	110.43739
26800000	26930000	84.00529
26805000	26930000	70.21353
26810000	26930000	80.2267
26815000	26930000	76.73542
26820000	26930000	67.81965
26825000	26930000	78.82561
26830000	26930000	103.15305
26835000	26930000	98.88824
26840000	26930000	78.55977
26845000	26930000	71.83549
26850000	26930000	79.80711
26855000	26930000	78.01978
26860000	26930000	103.67669
26865000	26930000	96.21825
26870000	26930000	101.82394
26875000	26930000	132.5812
26880000	26930000	150.48543
26885000	26930000	150.7366
26890000	26930000	131.71492
26895000	26930000	130.87921
26900000	26930000	134.29568
26905000	26930000	157.56616
26910000	26930000	130.38342
26915000	26930000	200.93816
26920000	26930000	271.20465
26925000	26930000	334.6057
26930000	26930000	922.5077
26770000	26935000	70.87168
26775000	26935000	57.217445
26780000	26935000	70.88403
26785000	26935000	95.44239
26790000	26935000	133.42632
26795000	26935000	149.72797
26800000	26935000	95.34239
26805000	26935000	65.63971
26810000	26935000	71.51927
26815000	26935000	78.557625
26820000	26935000	86.78766
26825000	26935000	101.52259
26830000	26935000	117.3362
26835000	26935000	110.03966
26840000	26935000	76.07797
26845000	26935000	70.788445
26850000	26935000	80.35056
26855000	26935000	84.296555
26860000	26935000	84.196526
26865000	26935000	97.452705
26870000	26935000	99.97746
26875000	26935000	116.580574
26880000	26935000	111.97574
26885000	26935000	92.28706
26890000	26935000	83.42541
26895000	26935000	75.702736
26900000	26935000	75.5474
26905000	26935000	75.35845
26910000	26935000	77.32049
26915000	26935000	98.89891
26920000	26935000	116.39398
26925000	26935000	143.11761
26930000	26935000	316.68915
26935000	26935000	1091.9384
26770000	26940000	64.909676
26775000	26940000	75.887146
26780000	26940000	86.981514
26785000	26940000	83.61908
26790000	26940000	126.3467
26795000	26940000	131.45073
26800000	26940000	96.46564
26805000	26940000	67.18284
26810000	26940000	70.26338
26815000	26940000	64.41406
26820000	26940000	73.85337
26825000	26940000	101.08249
26830000	26940000	118.054726
26835000	26940000	85.306526
26840000	26940000	71.16509
26845000	26940000	62.880623
26850000	26940000	69.75457
26855000	26940000	86.48723
26860000	26940000	98.685104
26865000	26940000	93.304886
26870000	26940000	85.14111
26875000	26940000	85.36394
26880000	26940000	94.62624
26885000	26940000	81.78563
26890000	26940000	51.852524
26895000	26940000	57.129288
26900000	26940000	47.42198
26905000	26940000	55.8265
26910000	26940000	51.124916
26915000	26940000	71.5357
26920000	26940000	77.695404
26925000	26940000	77.96117
26930000	26940000	156.85843
26935000	26940000	379.0512
26940000	26940000	1325.0292
26770000	26945000	60.318703
26775000	26945000	58.712044
26780000	26945000	76.787964
26785000	26945000	83.49799
26790000	26945000	111.93651
26795000	26945000	107.667946
26800000	26945000	64.82122
26805000	26945000	48.18424
26810000	26945000	67.74226
26815000	26945000	53.23099
26820000	26945000	58.461773
26825000	26945000	78.34662
26830000	26945000	76.9046
26835000	26945000	68.29326
26840000	26945000	46.272953
26845000	26945000	45.468304
26850000	26945000	49.611916
26855000	26945000	46.519485
26860000	26945000	70.421684
26865000	26945000	59.971348
26870000	26945000	78.60794
26875000	26945000	83.02933
26880000	26945000	60.519547
26885000	26945000	58.86067
26890000	26945000	45.826008
26895000	26945000	35.408207
26900000	26945000	46.56711
26905000	26945000	53.82339
26910000	26945000	46.3032
26915000	26945000	46.463276
26920000	26945000	50.7187
26925000	26945000	44.414997
26930000	26945000	72.44982
26935000	26945000	144.0199
26940000	26945000	233.0178
26945000	26945000	1289.7949
26770000	26950000	52.7464
26775000	26950000	64.40464
26780000	26950000	76.11935
26785000	26950000	73.596825
26790000	26950000	88.02934
26795000	26950000	82.9861
26800000	26950000	62.56058
26805000	26950000	52.071335
26810000	26950000	51.26367
26815000	26950000	43.266205
26820000	26950000	57.475098
26825000	26950000	64.26935
26830000	26950000	57.248833
26835000	26950000	47.420223
26840000	26950000	43.469208
26845000	26950000	50.003788
26850000	26950000	39.304913
26855000	26950000	53.727657
26860000	26950000	44.346436
26865000	26950000	44.950844
26870000	26950000	58.9598
26875000	26950000	47.032207
26880000	26950000	55.291676
26885000	26950000	47.810883
26890000	26950000	38.671932
26895000	26950000	37.7115
26900000	26950000	38.727814
26905000	26950000	40.227776
26910000	26950000	37.17479
26915000	26950000	44.439453
26920000	26950000	46.71348
26925000	26950000	47.11266
26930000	26950000	61.509315
26935000	26950000	102.93165
26940000	26950000	134.61409
26945000	26950000	505.80206
26950000	26950000	960.30975
26770000	26955000	51.715187
26775000	26955000	53.450584
26780000	26955000	64.54448
26785000	26955000	65.18296
26790000	26955000	76.37793
26795000	26955000	55.808823
26800000	26955000	42.956905
26805000	26955000	35.057022
26810000	26955000	40.428165
26815000	26955000	35.794846
26820000	26955000	27.720179
26825000	26955000	37.264076
26830000	26955000	30.33889
26835000	26955000	31.603182
26840000	26955000	29.506512
26845000	26955000	32.51614
26850000	26955000	35.585304
26855000	26955000	33.642624
26860000	26955000	44.83576
26865000	26955000	33.9902
26870000	26955000	35.083683
26875000	26955000	41.62953
26880000	26955000	34.621964
26885000	26955000	37.340084
26890000	26955000	41.460735
26895000	26955000	34.39226
26900000	26955000	24.481667
26905000	26955000	30.161001
26910000	26955000	29.127504
26915000	26955000	31.243938
26920000	26955000	37.778366
26925000	26955000	43.651165
26930000	26955000	51.083397
26935000	26955000	74.44981
26940000	26955000	105.075386
26945000	26955000	199.0558
26950000	26955000	434.56894
26955000	26955000	996.7329
26770000	26960000	40.24469
26775000	26960000	36.29487
26780000	26960000	38.780743
26785000	26960000	39.14013
26790000	26960000	44.42546
26795000	26960000	45.738373
26800000	26960000	43.382584
26805000	26960000	28.897587
26810000	26960000	31.486036
26815000	26960000	32.58937
26820000	26960000	25.172247
26825000	26960000	36.099697
26830000	26960000	25.828367
26835000	26960000	30.387892
26840000	26960000	23.44509
26845000	26960000	26.83592
26850000	26960000	24.464245
26855000	26960000	24.214386
26860000	26960000	27.856518
26865000	26960000	38.535732
26870000	26960000	31.70722
26875000	26960000	31.012844
26880000	26960000	35.21201
26885000	26960000	29.306137
26890000	26960000	30.481459
26895000	26960000	33.622723
26900000	26960000	28.943298
26905000	26960000	31.681793
26910000	26960000	27.76947
26915000	26960000	36.138035
26920000	26960000	30.417582
26925000	26960000	29.710564
26930000	26960000	42.606712
26935000	26960000	56.682423
26940000	26960000	68.22992
26945000	26960000	137.90395
26950000	26960000	176.46269
26955000	26960000	395.4461
26960000	26960000	996.74133
26770000	26965000	31.6819
26775000	26965000	21.973648
26780000	26965000	45.8067
26785000	26965000	47.756767
26790000	26965000	46.4161
26795000	26965000	24.803377
26800000	26965000	33.241737
26805000	26965000	34.064766
26810000	26965000	28.090315
26815000	26965000	25.751839
26820000	26965000	31.493912
26825000	26965000	28.525667
26830000	26965000	26.078615
26835000	26965000	25.17226
26840000	26965000	22.05489
26845000	26965000	22.345592
26850000	26965000	20.72469
26855000	26965000	21.352432
26860000	26965000	21.538603
26865000	26965000	26.525856
26870000	26965000	25.384438
26875000	26965000	29.798473
26880000	26965000	18.977549
26885000	26965000	22.104845
26890000	26965000	20.269247
26895000	26965000	23.927084
26900000	26965000	23.405731
26905000	26965000	31.962515
26910000	26965000	24.774574
26915000	26965000	26.491674
26920000	26965000	18.982048
26925000	26965000	28.334347
26930000	26965000	36.55641
26935000	26965000	49.76662
26940000	26965000	65.17399
26945000	26965000	97.90645
26950000	26965000	134.66493
26955000	26965000	221.09299
26960000	26965000	391.74243
26965000	26965000	1365.3966
26770000	26970000	29.179062
26775000	26970000	34.956116
26780000	26970000	43.612755
26785000	26970000	41.427692
26790000	26970000	53.291515
26795000	26970000	44.23816
26800000	26970000	32.860332
26805000	26970000	31.744968
26810000	26970000	17.015295
26815000	26970000	23.934662
26820000	26970000	25.659086
26825000	26970000	19.198893
26830000	26970000	25.183205
26835000	26970000	20.767511
26840000	26970000	24.34384
26845000	26970000	17.725077
26850000	26970000	23.794548
26855000	26970000	29.395275
26860000	26970000	20.071833
26865000	26970000	25.504202
26870000	26970000	22.779629
26875000	26970000	20.05554
26880000	26970000	26.889755
26885000	26970000	19.836569
26890000	26970000	19.222815
26895000	26970000	19.03184
26900000	26970000	19.533688
26905000	26970000	24.4792
26910000	26970000	20.009111
26915000	26970000	16.749332
26920000	26970000	28.454884
26925000	26970000	26.698175
26930000	26970000	39.26154
26935000	26970000	42.203556
26940000	26970000	55.085835
26945000	26970000	80.64746
26950000	26970000	117.759056
26955000	26970000	133.59314
26960000	26970000	225.31847
26965000	26970000	321.9098
26970000	26970000	1074.5061
26770000	26975000	31.310993
26775000	26975000	32.471466
26780000	26975000	35.69558
26785000	26975000	44.019848
26790000	26975000	61.72744
26795000	26975000	28.500935
26800000	26975000	35.518776
26805000	26975000	32.313137
26810000	26975000	24.66764
26815000	26975000	26.806986
26820000	26975000	22.298655
26825000	26975000	20.13471
26830000	26975000	26.057634
26835000	26975000	23.212671
26840000	26975000	22.746634
26845000	26975000	24.603163
26850000	26975000	19.81671
26855000	26975000	24.481138
26860000	26975000	24.610163
26865000	26975000	24.426636
26870000	26975000	23.283154
26875000	26975000	27.988422
26880000	26975000	24.633924
26885000	26975000	24.092253
26890000	26975000	20.6571
26895000	26975000	21.336813
26900000	26975000	20.991169
26905000	26975000	19.76912
26910000	26975000	28.699284
26915000	26975000	24.298735
26920000	26975000	22.730692
26925000	26975000	13.764477
26930000	26975000	36.185802
26935000	26975000	41.28519
26940000	26975000	51.8239
26945000	26975000	69.622536
26950000	26975000	83.196556
26955000	26975000	115.666115
26960000	26975000	144.91373
26965000	26975000	210.1283
26970000	26975000	331.00665
26975000	26975000	794.5209
26770000	26980000	17.846897
26775000	26980000	25.181288
26780000	26980000	24.978458
26785000	26980000	30.28979
26790000	26980000	30.305338
26795000	26980000	16.518152
26800000	26980000	23.719067
26805000	26980000	13.295766
26810000	26980000	13.807646
26815000	26980000	12.8331785
26820000	26980000	13.404312
26825000	26980000	19.600143
26830000	26980000	11.326574
26835000	26980000	11.9741535
26840000	26980000	11.750206
26845000	26980000	11.388793
26850000	26980000	13.917875
26855000	26980000	11.080479
26860000	26980000	15.368497
26865000	26980000	13.969976
26870000	26980000	17.92967
26875000	26980000	16.473404
26880000	26980000	18.0548
26885000	26980000	15.772529
26890000	26980000	10.080112
26895000	26980000	11.899193
26900000	26980000	11.579189
26905000	26980000	12.058502
26910000	26980000	11.784979
26915000	26980000	19.475483
26920000	26980000	19.290382
26925000	26980000	15.275431
26930000	26980000	18.869417
26935000	26980000	20.832598
26940000	26980000	25.955591
26945000	26980000	39.621777
26950000	26980000	42.08226
26955000	26980000	48.14512
26960000	26980000	62.949547
26965000	26980000	89.1626
26970000	26980000	113.29459
26975000	26980000	222.31503
26980000	26980000	609.51294
26770000	26985000	18.424025
26775000	26985000	24.436556
26780000	26985000	12.344459
26785000	26985000	16.751406
26790000	26985000	16.520575
26795000	26985000	14.681517
26800000	26985000	11.477852
26805000	26985000	16.544394
26810000	26985000	5.9118605
26815000	26985000	11.613658
26820000	26985000	9.1573515
26825000	26985000	12.507259
26830000	26985000	11.633192
26835000	26985000	9.612816
26840000	26985000	11.139961
26845000	26985000	10.077497
26850000	26985000	8.659254
26855000	26985000	6.127926
26860000	26985000	9.806957
26865000	26985000	7.4767046
26870000	26985000	7.2850695
26875000	26985000	10.80538
26880000	26985000	7.882888
26885000	26985000	11.63041
26890000	26985000	7.9984617
26895000	26985000	12.016942
26900000	26985000	14.038951
26905000	26985000	15.657207
26910000	26985000	14.338591
26915000	26985000	15.20567
26920000	26985000	14.300081
26925000	26985000	17.889658
26930000	26985000	17.187891
26935000	26985000	13.354139
26940000	26985000	15.5506315
26945000	26985000	18.452503
26950000	26985000	31.806557
26955000	26985000	42.65343
26960000	26985000	51.18275
26965000	26985000	71.414925
26970000	26985000	66.94774
26975000	26985000	102.21895
26980000	26985000	353.665
26985000	26985000	1039.681
26770000	26990000	12.173901
26775000	26990000	18.422106
26780000	26990000	8.586056
26785000	26990000	12.233823
26790000	26990000	13.289255
26795000	26990000	9.5308
26800000	26990000	7.983297
26805000	26990000	12.753898
26810000	26990000	17.989698
26815000	26990000	8.481644
26820000	26990000	12.1016655
26825000	26990000	10.555139
26830000	26990000	6.971002
26835000	26990000	8.112457
26840000	26990000	10.169619
26845000	26990000	8.586386
26850000	26990000	14.990208
26855000	26990000	13.425972
26860000	26990000	9.549574
26865000	26990000	5.824383
26870000	26990000	6.502717
26875000	26990000	9.902864
26880000	26990000	6.908401
26885000	26990000	13.212699
26890000	26990000	12.744887
26895000	26990000	6.686604
26900000	26990000	12.950999
26905000	26990000	13.552252
26910000	26990000	8.885084
26915000	26990000	9.254124
26920000	26990000	11.935522
26925000	26990000	13.065107
26930000	26990000	5.9774265
26935000	26990000	13.00366
26940000	26990000	13.977696
26945000	26990000	14.599177
26950000	26990000	24.928516
26955000	26990000	40.023663
26960000	26990000	37.042843
26965000	26990000	32.286728
26970000	26990000	59.34025
26975000	26990000	83.52689
26980000	26990000	154.17493
26985000	26990000	352.81903
26990000	26990000	1174.782
26770000	26995000	16.262032
26775000	26995000	10.036023
26780000	26995000	16.508911
26785000	26995000	10.663618
26790000	26995000	17.213997
26795000	26995000	13.927324
26800000	26995000	12.893959
26805000	26995000	10.8415985
26810000	26995000	9.961876
26815000	26995000	16.670555
26820000	26995000	9.307432
26825000	26995000	6.24461
26830000	26995000	11.393021
26835000	26995000	9.598951
26840000	26995000	10.950083
26845000	26995000	10.849131
26850000	26995000	12.249582
26855000	26995000	8.604967
26860000	26995000	9.792812
26865000	26995000	9.519049
26870000	26995000	9.093203
26875000	26995000	6.188265
26880000	26995000	8.855457
26885000	26995000	9.436079
26890000	26995000	10.891262
26895000	26995000	9.642543
26900000	26995000	11.067396
26905000	26995000	11.725967
26910000	26995000	9.762211
26915000	26995000	10.913312
26920000	26995000	16.82936
26925000	26995000	12.2814
26930000	26995000	10.573695
26935000	26995000	14.119283
26940000	26995000	13.437867
26945000	26995000	20.729126
26950000	26995000	26.144463
26955000	26995000	34.847927
26960000	26995000	41.439674
26965000	26995000	62.079575
26970000	26995000	57.20918
26975000	26995000	71.20023
26980000	26995000	112.67035
26985000	26995000	171.85773
26990000	26995000	287.71994
26995000	26995000	944.4187
26770000	27000000	15.644463
26775000	27000000	12.494568
26780000	27000000	13.277324
26785000	27000000	17.258678
26790000	27000000	14.800746
26795000	27000000	12.411166
26800000	27000000	12.345228
26805000	27000000	14.204498
26810000	27000000	7.6136074
26815000	27000000	9.971123
26820000	27000000	6.2206535
26825000	27000000	11.894777
26830000	27000000	5.6735964
26835000	27000000	9.142076
26840000	27000000	7.72511
26845000	27000000	9.484167
26850000	27000000	13.725348
26855000	27000000	12.141335
26860000	27000000	7.7722583
26865000	27000000	10.073307
26870000	27000000	9.141532
26875000	27000000	9.06727
26880000	27000000	9.995816
26885000	27000000	7.6811585
26890000	27000000	12.101689
26895000	27000000	9.5237255
26900000	27000000	11.711809
26905000	27000000	8.272484
26910000	27000000	7.2314396
26915000	27000000	10.544514
26920000	27000000	11.872846
26925000	27000000	8.270499
26930000	27000000	15.081313
26935000	27000000	12.451163
26940000	27000000	11.376243
26945000	27000000	16.452078
26950000	27000000	25.207489
26955000	27000000	25.199276
26960000	27000000	41.111763
26965000	27000000	38.40586
26970000	27000000	53.05775
26975000	27000000	54.95156
26980000	27000000	114.9038
26985000	27000000	145.97006
26990000	27000000	172.43102
26995000	27000000	324.97208
27000000	27000000	1045.5894
26770000	27005000	17.747663
26775000	27005000	11.448477
26780000	27005000	12.805997
26785000	27005000	16.219198
26790000	27005000	17.883392
26795000	27005000	13.538164
26800000	27005000	15.875986
26805000	27005000	11.918723
26810000	27005000	8.688268
26815000	27005000	7.3625894
26820000	27005000	6.785521
26825000	27005000	4.613292
26830000	27005000	8.664304
26835000	27005000	7.9777784
26840000	27005000	13.001024
26845000	27005000	2.6135695
26850000	27005000	10.646529
26855000	27005000	7.9462986
26860000	27005000	9.947542
26865000	27005000	8.790413
26870000	27005000	8.397162
26875000	27005000	10.989584
26880000	27005000	9.267964
26885000	27005000	8.713793
26890000	27005000	12.069107
26895000	27005000	10.685345
26900000	27005000	10.731254
26905000	27005000	12.633136
26910000	27005000	15.325435
26915000	27005000	11.830639
26920000	27005000	12.244545
26925000	27005000	11.341319
26930000	27005000	18.67959
26935000	27005000	16.298151
26940000	27005000	14.891117
26945000	27005000	19.940014
26950000	27005000	28.435364
26955000	27005000	31.107805
26960000	27005000	35.87594
26965000	27005000	39.6884
26970000	27005000	54.017292
26975000	27005000	62.28967
26980000	27005000	106.14369
26985000	27005000	113.458626
26990000	27005000	143.69295
26995000	27005000	183.49615
27000000	27005000	340.91907
27005000	27005000	900.68677
26770000	27010000	19.831121
26775000	27010000	12.318658
26780000	27010000	6.889681
26785000	27010000	12.154068
26790000	27010000	22.449797
26795000	27010000	19.665691
26800000	27010000	13.727166
26805000	27010000	15.389577
26810000	27010000	8.248809
26815000	27010000	17.284819
26820000	27010000	10.951918
26825000	27010000	10.23813
26830000	27010000	7.991027
26835000	27010000	5.0074253
26840000	27010000	12.434855
26845000	27010000	4.92139
26850000	27010000	4.2959085
26855000	27010000	7.695256
26860000	27010000	9.487317
26865000	27010000	6.6766295
26870000	27010000	9.487189
26875000	27010000	7.094931
26880000	27010000	6.1594286
26885000	27010000	16.227892
26890000	27010000	4.058269
26895000	27010000	8.623141
26900000	27010000	9.89736
26905000	27010000	8.738589
26910000	27010000	11.64021
26915000	27010000	16.265942
26920000	27010000	20.522963
26925000	27010000	1.6640939
26930000	27010000	13.018928
26935000	27010000	10.522169
26940000	27010000	17.358215
26945000	27010000	27.034084
26950000	27010000	25.978323
26955000	27010000	30.298168
26960000	27010000	32.426365
26965000	27010000	41.28155
26970000	27010000	53.652058
26975000	27010000	63.832584
26980000	27010000	82.61149
26985000	27010000	96.61739
26990000	27010000	88.6118
26995000	27010000	123.6826
27000000	27010000	167.38928
27005000	27010000	392.37228
27010000	27010000	1000.72974
26770000	27015000	9.857157
26775000	27015000	15.498969
26780000	27015000	12.383416
26785000	27015000	18.820784
26790000	27015000	12.105286
26795000	27015000	11.913195
26800000	27015000	10.74647
26805000	27015000	11.617624
26810000	27015000	13.837874
26815000	27015000	3.6245408
26820000	27015000	12.248335
26825000	27015000	10.148911
26830000	27015000	6.702715
26835000	27015000	9.600295
26840000	27015000	3.9112914
26845000	27015000	8.255929
26850000	27015000	9.0083065
26855000	27015000	10.040533
26860000	27015000	5.5092278
26865000	27015000	12.600505
26870000	27015000	8.526071
26875000	27015000	8.926631
26880000	27015000	8.856697
26885000	27015000	12.704191
26890000	27015000	12.254385
26895000	27015000	8.036577
26900000	27015000	8.301709
26905000	27015000	3.2576692
26910000	27015000	7.3226833
26915000	27015000	12.457153
26920000	27015000	14.663994
26925000	27015000	8.374854
26930000	27015000	13.793707
26935000	27015000	7.3548226
26940000	27015000	15.679706
26945000	27015000	18.356482
26950000	27015000	24.69545
26955000	27015000	32.674503
26960000	27015000	31.084105
26965000	27015000	31.044132
26970000	27015000	41.787834
26975000	27015000	52.20297
26980000	27015000	76.676544
26985000	27015000	81.983086
26990000	27015000	71.57301
26995000	27015000	122.09153
27000000	27015000	136.66869
27005000	27015000	168.14146
27010000	27015000	321.87222
27015000	27015000	1070.215
26770000	27020000	9.090862
26775000	27020000	10.890728
26780000	27020000	12.182113
26785000	27020000	10.1253
26790000	27020000	9.303518
26795000	27020000	13.52254
26800000	27020000	10.618972
26805000	27020000	11.904968
26810000	27020000	6.3810596
26815000	27020000	6.685539
26820000	27020000	12.425766
26825000	27020000	4.31997
26830000	27020000	6.954352
26835000	27020000	6.640476
26840000	27020000	8.416865
26845000	27020000	10.877305
26850000	27020000	4.984801
26855000	27020000	7.937128
26860000	27020000	11.29098
26865000	27020000	4.5192556
26870000	27020000	8.387471
26875000	27020000	7.6838307
26880000	27020000	4.0840893
26885000	27020000	9.205875
26890000	27020000	10.673856
26895000	27020000	5.18827
26900000	27020000	11.484503
26905000	27020000	9.764359
26910000	27020000	9.004558
26915000	27020000	10.39457
26920000	27020000	11.760014
26925000	27020000	10.298391
26930000	27020000	10.601154
26935000	27020000	12.209507
26940000	27020000	14.460767
26945000	27020000	13.941901
26950000	27020000	21.435884
26955000	27020000	15.402021
26960000	27020000	31.653841
26965000	27020000	26.428396
26970000	27020000	32.610134
26975000	27020000	30.861996
26980000	27020000	72.811
26985000	27020000	73.002495
26990000	27020000	88.01192
26995000	27020000	89.81976
27000000	27020000	106.06988
27005000	27020000	125.61885
27010000	27020000	208.571
27015000	27020000	375.1151
27020000	27020000	1012.34607
26770000	27025000	9.250993
26775000	27025000	11.082562
26780000	27025000	18.031555
26785000	27025000	8.5640745
26790000	27025000	11.016604
26795000	27025000	7.505854
26800000	27025000	7.334995
26805000	27025000	7.048534
26810000	27025000	9.445031
26815000	27025000	8.658747
26820000	27025000	2.5080276
26825000	27025000	5.3285627
26830000	27025000	4.5749326
26835000	27025000	8.190843
26840000	27025000	3.559532
26845000	27025000	10.465144
26850000	27025000	7.3783355
26855000	27025000	3.9160903
26860000	27025000	5.8493857
26865000	27025000	6.6892505
26870000	27025000	5.431499
26875000	27025000	7.3114386
26880000	27025000	7.052654
26885000	27025000	4.9549923
26890000	27025000	12.081653
26895000	27025000	7.6795034
26900000	27025000	6.610713
26905000	27025000	6.670559
26910000	27025000	9.996183
26915000	27025000	8.097734
26920000	27025000	8.703389
26925000	27025000	3.8108335
26930000	27025000	9.414885
26935000	27025000	12.048069
26940000	27025000	13.759934
26945000	27025000	25.058407
26950000	27025000	10.906733
26955000	27025000	16.850368
26960000	27025000	23.868486
26965000	27025000	29.338821
26970000	27025000	28.522255
26975000	27025000	31.063007
26980000	27025000	56.59989
26985000	27025000	61.7462
26990000	27025000	65.13614
26995000	27025000	74.181244
27000000	27025000	85.636955
27005000	27025000	82.737434
27010000	27025000	117.7443
27015000	27025000	192.70554
27020000	27025000	318.79355
27025000	27025000	1422.1791
26770000	27030000	12.702699
26775000	27030000	9.420456
26780000	27030000	8.105769
26785000	27030000	10.779523
26790000	27030000	10.564953
26795000	27030000	8.997667
26800000	27030000	6.783055
26805000	27030000	8.238216
26810000	27030000	6.793357
26815000	27030000	7.117509
26820000	27030000	9.019519
26825000	27030000	6.132127
26830000	27030000	4.935794
26835000	27030000	8.247791
26840000	27030000	6.400501
26845000	27030000	8.106081
26850000	27030000	2.6534412
26855000	27030000	4.9291472
26860000	27030000	4.808208
26865000	27030000	5.498579
26870000	27030000	8.371321
26875000	27030000	7.0116887
26880000	27030000	6.5219593
26885000	27030000	8.018747
26890000	27030000	9.358194
26895000	27030000	4.734427
26900000	27030000	8.151031
26905000	27030000	7.1967187
26910000	27030000	9.586367
26915000	27030000	9.318898
26920000	27030000	7.5119157
26925000	27030000	8.222848
26930000	27030000	9.5932045
26935000	27030000	7.943464
26940000	27030000	7.6975574
26945000	27030000	19.083502
26950000	27030000	16.40253
26955000	27030000	22.813478
26960000	27030000	20.982445
26965000	27030000	24.619005
26970000	27030000	24.45982
26975000	27030000	39.427284
26980000	27030000	57.43955
26985000	27030000	66.61661
26990000	27030000	61.264465
26995000	27030000	67.90637
27000000	27030000	79.192986
27005000	27030000	89.583534
27010000	27030000	106.37616
27015000	27030000	126.476
27020000	27030000	178.16136
27025000	27030000	271.98633
27030000	27030000	978.1335
26770000	27035000	11.207387
26775000	27035000	14.132943
26780000	27035000	9.485267
26785000	27035000	9.010041
26790000	27035000	8.370762
26795000	27035000	8.774128
26800000	27035000	13.229073
26805000	27035000	7.4155807
26810000	27035000	5.299666
26815000	27035000	6.940681
26820000	27035000	5.8636246
26825000	27035000	7.4747243
26830000	27035000	4.010974
26835000	27035000	6.893899
26840000	27035000	5.6173377
26845000	27035000	5.0815883
26850000	27035000	7.7625566
26855000	27035000	7.5533657
26860000	27035000	8.791411
26865000	27035000	5.361972
26870000	27035000	6.530674
26875000	27035000	3.4187448
26880000	27035000	3.533293
26885000	27035000	7.819529
26890000	27035000	8.473864
26895000	27035000	12.311479
26900000	27035000	8.610903
26905000	27035000	2.3393075
26910000	27035000	8.179677
26915000	27035000	5.1116505
26920000	27035000	10.377493
26925000	27035000	8.0185585
26930000	27035000	12.106302
26935000	27035000	7.0419235
26940000	27035000	12.867975
26945000	27035000	14.473969
26950000	27035000	15.995026
26955000	27035000	18.77065
26960000	27035000	19.84112
26965000	27035000	28.5802
26970000	27035000	28.46868
26975000	27035000	42.933323
26980000	27035000	44.04868
26985000	27035000	50.525677
26990000	27035000	57.985275
26995000	27035000	85.1391
27000000	27035000	75.79541
27005000	27035000	80.49407
27010000	27035000	70.49839
27015000	27035000	104.74927
27020000	27035000	136.3392
27025000	27035000	166.05646
27030000	27035000	334.25613
27035000	27035000	1076.5308
26770000	27040000	12.888685
26775000	27040000	9.398546
26780000	27040000	9.762065
26785000	27040000	6.4197493
26790000	27040000	12.846089
26795000	27040000	13.336871
26800000	27040000	4.8874793
26805000	27040000	8.219056
26810000	27040000	8.810824
26815000	27040000	10.714834
26820000	27040000	7.7987356
26825000	27040000	6.3909836
26830000	27040000	3.8104815
26835000	27040000	2.7288754
26840000	27040000	7.1153994
26845000	27040000	4.2911825
26850000	27040000	4.9163585
26855000	27040000	7.828149
26860000	27040000	3.3407855
26865000	27040000	8.91441
26870000	27040000	4.653174
26875000	27040000	5.954402
26880000	27040000	3.3566778
26885000	27040000	8.254069
26890000	27040000	6.1925297
26895000	27040000	2.1930144
26900000	27040000	6.292676
26905000	27040000	11.852667
26910000	27040000	6.660692
26915000	27040000	6.4748526
26920000	27040000	9.278836
26925000	27040000	8.887367
26930000	27040000	9.932817
26935000	27040000	7.3589187
26940000	27040000	12.224757
26945000	27040000	18.661358
26950000	27040000	21.141563
26955000	27040000	21.795134
26960000	27040000	18.849342
26965000	27040000	22.807337
26970000	27040000	33.624317
26975000	27040000	33.48208
26980000	27040000	58.895584
26985000	27040000	47.142956
26990000	27040000	56.756123
26995000	27040000	62.267334
27000000	27040000	69.28947
27005000	27040000	72.913734
27010000	27040000	67.93124
27015000	27040000	100.315796
27020000	27040000	109.540436
27025000	27040000	134.7499
27030000	27040000	185.17068
27035000	27040000	353.45673
27040000	27040000	1008.8265
26770000	27045000	8.246987
26775000	27045000	8.8918
26780000	27045000	11.051287
26785000	27045000	11.547361
26790000	27045000	7.20205
26795000	27045000	7.360372
26800000	27045000	7.1928244
26805000	27045000	10.367874
26810000	27045000	2.7785888
26815000	27045000	7.2779303
26820000	27045000	7.3782473
26825000	27045000	7.315395
26830000	27045000	6.7293887
26835000	27045000	8.835292
26840000	27045000	1.7452697
26845000	27045000	3.94704
26850000	27045000	6.0294375
26855000	27045000	12.480607
26860000	27045000	7.3748703
26865000	27045000	5.622511
26870000	27045000	5.326223
26875000	27045000	3.9831805
26880000	27045000	4.9399686
26885000	27045000	9.717904
26890000	27045000	11.84748
26895000	27045000	4.3032317
26900000	27045000	2.778249
26905000	27045000	1.0902112
26915000	27045000	9.528936
26920000	27045000	7.6812263
26925000	27045000	5.605455
26930000	27045000	5.385567
26935000	27045000	9.845456
26940000	27045000	8.995489
26945000	27045000	15.89999
26950000	27045000	15.556849
26955000	27045000	15.55178
26960000	27045000	20.805204
26965000	27045000	25.573477
26970000	27045000	31.196663
26975000	27045000	34.044567
26980000	27045000	50.180656
26985000	27045000	58.026512
26990000	27045000	54.04693
26995000	27045000	67.07511
27000000	27045000	49.986366
27005000	27045000	62.813248
27010000	27045000	60.54721
27015000	27045000	69.682846
27020000	27045000	96.943184
27025000	27045000	103.185295
27030000	27045000	119.441734
27035000	27045000	168.49197
27040000	27045000	308.32224
27045000	27045000	1514.6176
26770000	27050000	6.96122
26775000	27050000	8.8606615
26780000	27050000	12.243404
26785000	27050000	8.3071375
26790000	27050000	8.54887
26795000	27050000	5.8245325
26800000	27050000	8.673442
26805000	27050000	12.306719
26810000	27050000	6.840709
26815000	27050000	4.4794507
26820000	27050000	6.0549254
26825000	27050000	3.8592937
26830000	27050000	5.3252125
26835000	27050000	6.7798214
26840000	27050000	5.0640187
26845000	27050000	5.830417
26850000	27050000	8.906455
26855000	27050000	4.0518413
26860000	27050000	5.1875606
26865000	27050000	6.426766
26870000	27050000	5.619781
26875000	27050000	4.202716
26880000	27050000	8.860805
26885000	27050000	5.767601
26890000	27050000	5.2886567
26895000	27050000	7.378162
26900000	27050000	5.3741856
26905000	27050000	9.202391
26910000	27050000	8.6189165
26915000	27050000	4.608143
26920000	27050000	6.7538185
26925000	27050000	4.9286695
26930000	27050000	8.117708
26935000	27050000	8.310475
26940000	27050000	7.9094005
26945000	27050000	11.438406
26950000	27050000	17.440166
26955000	27050000	22.049494
26960000	27050000	26.98254
26965000	27050000	29.51263
26970000	27050000	25.538343
26975000	27050000	30.249226
26980000	27050000	49.336414
26985000	27050000	58.56274
26990000	27050000	62.20992
26995000	27050000	57.813747
27000000	27050000	70.67347
27005000	27050000	60.292057
27010000	27050000	74.28408
27015000	27050000	87.231224
27020000	27050000	90.79343
27025000	27050000	96.11393
27030000	27050000	128.47192
27035000	27050000	152.12592
27040000	27050000	167.19182
27045000	27050000	280.25076
27050000	27050000	904.2519
26770000	27055000	9.537589
26775000	27055000	6.8555408
26780000	27055000	12.780745
26785000	27055000	8.902968
26790000	27055000	6.2468452
26795000	27055000	14.187041
26800000	27055000	10.299042
26805000	27055000	5.995191
26810000	27055000	4.9986544
26815000	27055000	11.222508
26820000	27055000	9.480997
26825000	27055000	5.640139
26830000	27055000	7.782497
26835000	27055000	4.9541626
26840000	27055000	6.7279787
26845000	27055000	6.086303
26850000	27055000	3.7189372
26855000	27055000	5.9215364
26860000	27055000	7.581326
26865000	27055000	2.8899553
26870000	27055000	5.8664227
26875000	27055000	5.527828
26880000	27055000	5.332174
26885000	27055000	7.492464
26890000	27055000	9.837001
26895000	27055000	4.976661
26900000	27055000	5.7120495
26905000	27055000	8.405483
26910000	27055000	5.0384235
26915000	27055000	4.897847
26920000	27055000	7.238237
26925000	27055000	10.08416
26930000	27055000	6.5249643
26935000	27055000	9.868048
26940000	27055000	5.7795706
26945000	27055000	7.8010716
26950000	27055000	14.243191
26955000	27055000	20.983128
26960000	27055000	26.734545
26965000	27055000	24.646307
26970000	27055000	21.56431
26975000	27055000	39.372334
26980000	27055000	60.37841
26985000	27055000	54.463898
26990000	27055000	54.92858
26995000	27055000	71.38076
27000000	27055000	60.892067
27005000	27055000	66.58954
27010000	27055000	47.767273
27015000	27055000	69.20532
27020000	27055000	88.1797
27025000	27055000	83.2846
27030000	27055000	109.97047
27035000	27055000	140.3689
27040000	27055000	142.46346
27045000	27055000	164.55963
27050000	27055000	446.29196
27055000	27055000	897.5217
26770000	27060000	11.923829
26775000	27060000	7.4824014
26780000	27060000	8.369638
26785000	27060000	8.673062
26790000	27060000	7.4378695
26795000	27060000	8.445972
26800000	27060000	10.611917
26805000	27060000	5.3536763
26810000	27060000	7.0145025
26815000	27060000	9.186508
26820000	27060000	7.33762
26825000	27060000	5.7561336
26830000	27060000	5.405347
26835000	27060000	6.6360645
26840000	27060000	5.407247
26845000	27060000	5.9785433
26850000	27060000	5.8117375
26855000	27060000	9.253831
26860000	27060000	4.5133915
26865000	27060000	5.161432
26870000	27060000	6.810293
26875000	27060000	10.421128
26880000	27060000	4.7616053
26885000	27060000	7.527076
26890000	27060000	6.2745676
26895000	27060000	6.666201
26900000	27060000	10.839269
26905000	27060000	9.007267
26910000	27060000	3.374466
26915000	27060000	8.747507
26920000	27060000	10.576981
26925000	27060000	11.577993
26930000	27060000	7.415878
26935000	27060000	10.1678295
26940000	27060000	10.322257
26945000	27060000	15.923016
26950000	27060000	19.413364
26955000	27060000	18.737831
26960000	27060000	23.276974
26965000	27060000	22.009033
26970000	27060000	37.773
26975000	27060000	27.757343
26980000	27060000	61.76971
26985000	27060000	55.583996
26990000	27060000	62.582256
26995000	27060000	56.587887
27000000	27060000	55.752937
27005000	27060000	61.866726
27010000	27060000	60.1061
27015000	27060000	61.80002
27020000	27060000	80.243935
27025000	27060000	75.48278
27030000	27060000	85.4287
27035000	27060000	93.427635
27040000	27060000	104.29013
27045000	27060000	134.97717
27050000	27060000	194.09995
27055000	27060000	379.34042
27060000	27060000	1070.2075
26770000	27065000	11.024128
26775000	27065000	13.835647
26780000	27065000	9.145044
26785000	27065000	10.691526
26790000	27065000	11.461086
26795000	27065000	6.2469516
26800000	27065000	7.8489633
26805000	27065000	9.899439
26810000	27065000	9.433061
26815000	27065000	6.176981
26820000	27065000	6.2621226
26825000	27065000	7.9827147
26830000	27065000	6.425346
26835000	27065000	6.1353464
26840000	27065000	6.665664
26845000	27065000	5.527437
26850000	27065000	6.9084234
26855000	27065000	10.388932
26860000	27065000	8.86728
26865000	27065000	8.947464
26870000	27065000	5.812088
26875000	27065000	5.0709534
26880000	27065000	6.9179354
26885000	27065000	6.959127
26890000	27065000	5.221013
26895000	27065000	9.587214
26900000	27065000	10.021401
26905000	27065000	10.409539
26910000	27065000	3.1198485
26915000	27065000	4.549203
26920000	27065000	4.3461795
26925000	27065000	5.946881
26930000	27065000	11.753691
26935000	27065000	8.147208
26940000	27065000	7.6347203
26945000	27065000	11.9612665
26950000	27065000	17.948545
26955000	27065000	22.892408
26960000	27065000	27.03874
26965000	27065000	32.557377
26970000	27065000	30.814299
26975000	27065000	41.63099
26980000	27065000	59.044827
26985000	27065000	69.85822
26990000	27065000	58.642063
26995000	27065000	60.135742
27000000	27065000	58.54624
27005000	27065000	56.087975
27010000	27065000	73.496925
27015000	27065000	60.14416
27020000	27065000	67.25563
27025000	27065000	63.629593
27030000	27065000	81.93539
27035000	27065000	79.89977
27040000	27065000	88.89881
27045000	27065000	104.66475
27050000	27065000	148.12944
27055000	27065000	177.68658
27060000	27065000	277.85144
27065000	27065000	920.563
26770000	27070000	9.581112
26775000	27070000	14.538852
26780000	27070000	19.68657
26785000	27070000	9.756649
26790000	27070000	9.761658
26795000	27070000	5.700712
26800000	27070000	6.3667936
26805000	27070000	4.6842046
26810000	27070000	10.7602825
26815000	27070000	10.334244
26820000	27070000	8.889311
26825000	27070000	4.856466
26830000	27070000	8.686679
26835000	27070000	6.8430586
26840000	27070000	6.0828123
26845000	27070000	4.279854
26850000	27070000	5.603862
26855000	27070000	2.9742792
26860000	27070000	8.250582
26865000	27070000	2.903143
26870000	27070000	7.661151
26875000	27070000	11.106107
26880000	27070000	7.652151
26885000	27070000	4.7041593
26890000	27070000	7.058493
26895000	27070000	10.831971
26900000	27070000	5.0208507
26905000	27070000	8.44384
26910000	27070000	8.857477
26915000	27070000	11.070444
26920000	27070000	5.288194
26925000	27070000	18.813185
26930000	27070000	13.705364
26935000	27070000	4.5752673
26940000	27070000	9.289511
26945000	27070000	11.195243
26950000	27070000	21.838812
26955000	27070000	24.842964
26960000	27070000	22.828062
26965000	27070000	27.234653
26970000	27070000	30.827707
26975000	27070000	49.96042
26980000	27070000	71.253654
26985000	27070000	84.02267
26990000	27070000	59.93607
26995000	27070000	54.87742
27000000	27070000	51.8783
27005000	27070000	53.379585
27010000	27070000	64.34386
27015000	27070000	66.77687
27020000	27070000	81.83298
27025000	27070000	69.928665
27030000	27070000	74.54634
27035000	27070000	73.570145
27040000	27070000	84.86967
27045000	27070000	79.59398
27050000	27070000	110.46712
27055000	27070000	127.453766
27060000	27070000	185.47726
27065000	27070000	413.1163
27070000	27070000	1109.6399
26770000	27075000	17.212337
26775000	27075000	10.954452
26780000	27075000	10.811816
26785000	27075000	16.432207
26790000	27075000	14.091978
26795000	27075000	11.201369
26800000	27075000	10.722992
26805000	27075000	15.778331
26810000	27075000	11.477603
26815000	27075000	8.7024975
26820000	27075000	4.8122454
26825000	27075000	7.497681
26830000	27075000	14.630156
26835000	27075000	9.953513
26840000	27075000	9.106408
26845000	27075000	7.7230234
26850000	27075000	5.505533
26855000	27075000	6.8877854
26860000	27075000	11.2234335
26865000	27075000	11.001354
26870000	27075000	9.92535
26875000	27075000	5.715408
26880000	27075000	7.0882893
26885000	27075000	11.091882
26890000	27075000	12.482354
26895000	27075000	8.4199705
26900000	27075000	10.268178
26905000	27075000	15.643282
26910000	27075000	7.4589076
26915000	27075000	9.3224535
26920000	27075000	11.689661
26925000	27075000	17.061304
26930000	27075000	8.02875
26935000	27075000	10.274256
26940000	27075000	11.734087
26945000	27075000	19.79785
26950000	27075000	22.195465
26955000	27075000	27.89378
26960000	27075000	39.012558
26965000	27075000	40.656406
26970000	27075000	47.71046
26975000	27075000	59.60174
26980000	27075000	102.64961
26985000	27075000	90.501526
26990000	27075000	74.50679
26995000	27075000	61.00042
27000000	27075000	55.42364
27005000	27075000	69.98717
27010000	27075000	80.81704
27015000	27075000	63.16584
27020000	27075000	46.88844
27025000	27075000	59.93869
27030000	27075000	66.557365
27035000	27075000	66.37889
27040000	27075000	68.66629
27045000	27075000	72.1822
27050000	27075000	77.24857
27055000	27075000	106.534164
27060000	27075000	146.25153
27065000	27075000	156.8771
27070000	27075000	286.7186
27075000	27075000	965.1138
26770000	27080000	13.616484
26775000	27080000	9.515544
26780000	27080000	15.9657955
26785000	27080000	17.332441
26790000	27080000	19.199339
26795000	27080000	16.034689
26800000	27080000	12.017352
26805000	27080000	8.915755
26810000	27080000	10.194864
26815000	27080000	16.689566
26820000	27080000	7.3318315
26825000	27080000	8.627389
26830000	27080000	3.8579164
26835000	27080000	10.498814
26840000	27080000	7.203975
26845000	27080000	8.689202
26850000	27080000	9.125526
26855000	27080000	10.567464
26860000	27080000	6.201018
26865000	27080000	10.959391
26870000	27080000	10.469109
26875000	27080000	10.960955
26880000	27080000	10.875083
26885000	27080000	8.35682
26890000	27080000	8.150503
26895000	27080000	8.881257
26900000	27080000	9.556516
26905000	27080000	12.000215
26910000	27080000	6.743608
26915000	27080000	9.286895
26920000	27080000	9.394344
26925000	27080000	10.283431
26930000	27080000	11.64433
26935000	27080000	17.610334
26940000	27080000	15.471171
26945000	27080000	36.792927
26950000	27080000	18.060253
26955000	27080000	30.090614
26960000	27080000	38.167976
26965000	27080000	35.186672
26970000	27080000	43.663704
26975000	27080000	67.79776
26980000	27080000	99.904305
26985000	27080000	81.57459
26990000	27080000	63.377926
26995000	27080000	67.59193
27000000	27080000	52.27013
27005000	27080000	61.217747
27010000	27080000	46.497044
27015000	27080000	58.501198
27020000	27080000	65.94295
27025000	27080000	56.56743
27030000	27080000	74.19254
27035000	27080000	61.458004
27040000	27080000	65.03753
27045000	27080000	68.52301
27050000	27080000	66.56163
27055000	27080000	87.21301
27060000	27080000	80.87621
27065000	27080000	137.08525
27070000	27080000	187.01578
27075000	27080000	310.71667
27080000	27080000	995.9382
26770000	27085000	13.356601
26775000	27085000	10.66735
26780000	27085000	16.193764
26785000	27085000	16.192034
26790000	27085000	13.886011
26795000	27085000	18.921686
26800000	27085000	13.471988
26805000	27085000	11.993952
26810000	27085000	7.8573675
26815000	27085000	5.612925
26820000	27085000	6.954801
26825000	27085000	10.477663
26830000	27085000	6.9198346
26835000	27085000	4.336183
26840000	27085000	9.421974
26845000	27085000	10.958608
26850000	27085000	7.4400887
26855000	27085000	7.4041243
26860000	27085000	12.639305
26865000	27085000	8.672447
26870000	27085000	10.562705
26875000	27085000	7.372632
26880000	27085000	9.143591
26885000	27085000	6.557858
26890000	27085000	5.622817
26895000	27085000	11.615666
26900000	27085000	5.71375
26905000	27085000	10.930381
26910000	27085000	8.819866
26915000	27085000	9.186197
26920000	27085000	11.847914
26925000	27085000	4.3230696
26930000	27085000	11.273748
26935000	27085000	13.667519
26940000	27085000	9.250066
26945000	27085000	21.180641
26950000	27085000	19.496485
26955000	27085000	41.229126
26960000	27085000	40.113758
26965000	27085000	44.37656
26970000	27085000	45.63039
26975000	27085000	61.4944
26980000	27085000	77.40119
26985000	27085000	71.99158
26990000	27085000	71.049484
26995000	27085000	53.915806
27000000	27085000	43.947865
27005000	27085000	47.09753
27010000	27085000	59.726864
27015000	27085000	44.632507
27020000	27085000	52.923573
27025000	27085000	41.032986
27030000	27085000	52.765766
27035000	27085000	50.58273
27040000	27085000	69.59589
27045000	27085000	60.96616
27050000	27085000	72.04551
27055000	27085000	82.728195
27060000	27085000	73.03638
27065000	27085000	100.12399
27070000	27085000	111.4372
27075000	27085000	148.71507
27080000	27085000	339.72873
27085000	27085000	1155.7184
26770000	27090000	11.862107
26775000	27090000	16.064203
26780000	27090000	13.131222
26785000	27090000	13.12982
26790000	27090000	15.763872
26795000	27090000	18.411894
26800000	27090000	8.353788
26805000	27090000	12.967564
26810000	27090000	14.480439
26815000	27090000	13.654249
26820000	27090000	9.740988
26825000	27090000	7.1890435
26830000	27090000	7.0139565
26835000	27090000	6.529956
26840000	27090000	7.6401043
26845000	27090000	3.9493916
26850000	27090000	8.295416
26855000	27090000	13.208508
26860000	27090000	14.348569
26865000	27090000	7.6183534
26870000	27090000	5.2342286
26875000	27090000	7.9711075
26880000	27090000	10.503688
26885000	27090000	7.5966363
26890000	27090000	8.548946
26895000	27090000	10.764489
26900000	27090000	10.424641
26905000	27090000	7.499667
26910000	27090000	10.216951
26915000	27090000	12.911456
26920000	27090000	10.14099
26925000	27090000	11.684989
26930000	27090000	12.509658
26935000	27090000	16.624105
26940000	27090000	17.814178
26945000	27090000	18.078936
26950000	27090000	16.417389
26955000	27090000	27.961254
26960000	27090000	38.490875
26965000	27090000	44.98016
26970000	27090000	57.18311
26975000	27090000	59.389378
26980000	27090000	69.89537
26985000	27090000	57.58776
26990000	27090000	60.685387
26995000	27090000	48.44574
27000000	27090000	45.639736
27005000	27090000	45.283035
27010000	27090000	43.14798
27015000	27090000	46.532146
27020000	27090000	56.53847
27025000	27090000	51.421734
27030000	27090000	54.389973
27035000	27090000	50.209972
27040000	27090000	46.35651
27045000	27090000	51.41378
27050000	27090000	46.423325
27055000	27090000	68.60737
27060000	27090000	75.561455
27065000	27090000	88.111755
27070000	27090000	102.61488
27075000	27090000	132.19792
27080000	27090000	170.04921
27085000	27090000	342.37643
27090000	27090000	1002.30035
26770000	27095000	10.811572
26775000	27095000	12.952115
26780000	27095000	18.267391
26785000	27095000	16.155468
26790000	27095000	21.038546
26795000	27095000	11.18753
26800000	27095000	11.128093
26805000	27095000	13.788981
26810000	27095000	7.9188113
26815000	27095000	6.2224994
26820000	27095000	9.345583
26825000	27095000	10.126383
26830000	27095000	8.949899
26835000	27095000	8.240744
26840000	27095000	11.4400015
26845000	27095000	8.5491085
26850000	27095000	8.935438
26855000	27095000	7.661011
26860000	27095000	7.4730444
26865000	27095000	7.4777822
26870000	27095000	6.071766
26875000	27095000	7.719241
26880000	27095000	7.320879
26885000	27095000	11.770563
26890000	27095000	16.622576
26895000	27095000	9.197965
26900000	27095000	13.196404
26905000	27095000	10.563923
26910000	27095000	9.312115
26915000	27095000	12.220603
26920000	27095000	9.729348
26925000	27095000	11.715154
26930000	27095000	13.155893
26935000	27095000	16.274197
26940000	27095000	14.527408
26945000	27095000	24.716736
26950000	27095000	21.05964
26955000	27095000	27.701025
26960000	27095000	37.552605
26965000	27095000	27.331078
26970000	27095000	53.958332
26975000	27095000	63.83222
26980000	27095000	71.50593
26985000	27095000	58.23973
26990000	27095000	48.309566
26995000	27095000	53.309418
27000000	27095000	39.318447
27005000	27095000	50.720627
27010000	27095000	50.562897
27015000	27095000	47.123505
27020000	27095000	59.602463
27025000	27095000	32.164112
27030000	27095000	47.590153
27035000	27095000	50.91969
27040000	27095000	50.211422
27045000	27095000	38.749992
27050000	27095000	59.90234
27055000	27095000	65.31052
27060000	27095000	65.14688
27065000	27095000	74.57207
27070000	27095000	79.56781
27075000	27095000	110.4983
27080000	27095000	144.45
27085000	27095000	211.97487
27090000	27095000	436.19717
27095000	27095000	901.45905
26770000	27100000	11.8468
26775000	27100000	17.030766
26780000	27100000	14.605164
26785000	27100000	21.111732
26790000	27100000	16.553198
26795000	27100000	13.392692
26800000	27100000	14.760708
26805000	27100000	10.921867
26810000	27100000	12.772621
26815000	27100000	11.848717
26820000	27100000	10.363325
26825000	27100000	7.205875
26830000	27100000	12.2445755
26835000	27100000	15.691804
26840000	27100000	9.025491
26845000	27100000	8.164691
26850000	27100000	9.007741
26855000	27100000	8.826288
26860000	27100000	9.416892
26865000	27100000	11.307435
26870000	27100000	12.241795
26875000	27100000	11.443681
26880000	27100000	14.1925335
26885000	27100000	11.167819
26890000	27100000	9.425858
26895000	27100000	11.12687
26900000	27100000	10.110421
26905000	27100000	8.1436615
26910000	27100000	13.142452
26915000	27100000	10.950657
26920000	27100000	14.712113
26925000	27100000	5.368159
26930000	27100000	13.704426
26935000	27100000	19.234482
26940000	27100000	17.229364
26945000	27100000	34.052876
26950000	27100000	34.079815
26955000	27100000	33.51021
26960000	27100000	34.8678
26965000	27100000	58.778095
26970000	27100000	53.1587
26975000	27100000	71.555786
26980000	27100000	73.395164
26985000	27100000	64.509605
26990000	27100000	50.817886
26995000	27100000	46.683914
27000000	27100000	44.232147
27005000	27100000	47.120766
27010000	27100000	53.399277
27015000	27100000	42.075695
27020000	27100000	48.192974
27025000	27100000	39.835663
27030000	27100000	47.308914
27035000	27100000	48.732643
27040000	27100000	43.210247
27045000	27100000	41.788914
27050000	27100000	46.96771
27055000	27100000	53.23152
27060000	27100000	62.546696
27065000	27100000	65.34484
27070000	27100000	80.21165
27075000	27100000	78.2117
27080000	27100000	121.24487
27085000	27100000	147.83151
27090000	27100000	205.66031
27095000	27100000	331.91507
27100000	27100000	867.561
26770000	27105000	15.921123
26775000	27105000	20.861408
26780000	27105000	20.668215
26785000	27105000	17.732767
26790000	27105000	25.52657
26795000	27105000	29.60308
26800000	27105000	13.018146
26805000	27105000	20.849558
26810000	27105000	9.499054
26815000	27105000	16.099327
26820000	27105000	16.321236
26825000	27105000	25.219015
26830000	27105000	17.592443
26835000	27105000	16.959953
26840000	27105000	14.214275
26845000	27105000	8.096156
26850000	27105000	16.005081
26855000	27105000	14.479741
26860000	27105000	18.78555
26865000	27105000	17.52545
26870000	27105000	14.230213
26875000	27105000	15.379364
26880000	27105000	16.689396
26885000	27105000	17.588236
26890000	27105000	12.095776
26895000	27105000	8.437359
26900000	27105000	10.056592
26905000	27105000	17.100641
26910000	27105000	7.884988
26915000	27105000	17.246225
26920000	27105000	15.961664
26925000	27105000	4.508977
26930000	27105000	12.996304
26935000	27105000	18.41306
26940000	27105000	35.27496
26945000	27105000	32.265198
26950000	27105000	34.608444
26955000	27105000	40.461094
26960000	27105000	39.22387
26965000	27105000	54.963333
26970000	27105000	62.30312
26975000	27105000	74.58848
26980000	27105000	81.188416
26985000	27105000	54.032543
26990000	27105000	43.721874
26995000	27105000	31.346869
27000000	27105000	43.425266
27005000	27105000	39.473755
27010000	27105000	43.323574
27015000	27105000	34.20137
27020000	27105000	42.713882
27025000	27105000	39.879536
27030000	27105000	30.782223
27035000	27105000	34.110756
27040000	27105000	25.924559
27045000	27105000	27.660746
27050000	27105000	38.24279
27055000	27105000	40.446472
27060000	27105000	45.312305
27065000	27105000	43.1076
27070000	27105000	53.189728
27075000	27105000	65.32054
27080000	27105000	80.71039
27085000	27105000	98.571655
27090000	27105000	127.64928
27095000	27105000	166.36157
27100000	27105000	353.5016
27105000	27105000	941.98285
26770000	27110000	14.830577
26775000	27110000	15.716809
26780000	27110000	12.994248
26785000	27110000	16.699648
26790000	27110000	21.79333
26795000	27110000	16.120981
26800000	27110000	10.66061
26805000	27110000	11.354067
26810000	27110000	10.249729
26815000	27110000	15.940414
26820000	27110000	8.505333
26825000	27110000	13.010729
26830000	27110000	9.308828
26835000	27110000	14.999658
26840000	27110000	7.242745
26845000	27110000	8.735965
26850000	27110000	10.842752
26855000	27110000	11.952376
26860000	27110000	10.201729
26865000	27110000	12.31465
26870000	27110000	8.42036
26875000	27110000	9.366952
26880000	27110000	16.400414
26885000	27110000	11.762511
26890000	27110000	11.976381
26895000	27110000	14.137667
26900000	27110000	10.889005
26905000	27110000	12.818846
26910000	27110000	19.209715
26915000	27110000	11.533785
26920000	27110000	12.396433
26925000	27110000	11.631119
26930000	27110000	11.706996
26935000	27110000	19.748005
26940000	27110000	14.517469
26945000	27110000	29.992647
26950000	27110000	29.589914
26955000	27110000	26.218878
26960000	27110000	32.377544
26965000	27110000	36.481537
26970000	27110000	29.017776
26975000	27110000	53.91044
26980000	27110000	46.27692
26985000	27110000	41.0068
26990000	27110000	34.833057
26995000	27110000	35.28468
27000000	27110000	31.807446
27005000	27110000	32.583813
27010000	27110000	46.747276
27015000	27110000	36.76002
27020000	27110000	27.875225
27025000	27110000	35.6843
27030000	27110000	29.676315
27035000	27110000	28.156898
27040000	27110000	35.66593
27045000	27110000	29.52505
27050000	27110000	40.382664
27055000	27110000	32.880886
27060000	27110000	33.879776
27065000	27110000	37.58809
27070000	27110000	37.265667
27075000	27110000	50.63838
27080000	27110000	63.19236
27085000	27110000	55.661144
27090000	27110000	84.11446
27095000	27110000	97.23378
27100000	27110000	158.34091
27105000	27110000	284.33646
27110000	27110000	1088.3712
