chr11	120895000	120925000	0.795700326884231	1
chr11	120905000	120925000	0.997968388439773	1
chr11	121120000	121150000	0.794832033652425	1
chr11	121120000	121460000	0.103497046501614	1
chr11	121125000	121145000	0.998490225016954	1
chr11	121135000	121155000	0.99804368986906	1
chr11	121170000	121455000	0.137275996390601	1
chr11	121170000	121460000	0.169418747518061	1
chr11	121170000	121465000	0.1346931389189	1
chr11	121175000	121455000	0.141991036803262	1
chr11	121175000	121460000	0.30953021820625	1
chr11	121175000	121465000	0.164764017250741	1
chr11	121175000	121470000	0.170337171521327	1
chr11	121180000	121320000	0.197324164755429	1
chr11	121180000	121365000	0.169829077038182	1
chr11	121180000	121445000	0.140312180437782	1
chr11	121180000	121450000	0.195824332887153	1
chr11	121180000	121455000	0.241107051071623	1
chr11	121180000	121460000	0.411458291788051	1
chr11	121180000	121465000	0.312251054463436	1
chr11	121185000	121285000	0.240799752468671	1
chr11	121185000	121315000	0.193899314722462	1
chr11	121185000	121330000	0.198094298679613	1
chr11	121185000	121335000	0.237698408641058	1
chr11	121185000	121340000	0.195491398530311	1
chr11	121185000	121355000	0.168511751655153	1
chr11	121185000	121435000	0.139747904671824	1
chr11	121185000	121440000	0.16550227276994	1
chr11	121185000	121445000	0.140479042354491	1
chr11	121185000	121450000	0.302063019601895	1
chr11	121185000	121455000	0.308640631388916	1
chr11	121185000	121460000	0.798371178253215	1
chr11	121185000	121465000	0.407588749822204	1
chr11	121185000	121470000	0.16276695566984	1
chr11	121190000	121290000	0.242675513400722	1
chr11	121190000	121300000	0.247915790101251	1
chr11	121190000	121310000	0.312509454817865	1
chr11	121190000	121315000	0.199855864678714	1
chr11	121190000	121320000	0.311268468038835	1
chr11	121190000	121325000	0.197343319525896	1
chr11	121190000	121330000	0.192125077294544	1
chr11	121190000	121335000	0.246094488791456	1
chr11	121190000	121340000	0.310110248315634	1
chr11	121190000	121350000	0.166216061551998	1
chr11	121190000	121360000	0.16745425732438	1
chr11	121190000	121395000	0.1661672491042	1
chr11	121190000	121405000	0.141715171872401	1
chr11	121190000	121430000	0.134761373705863	1
chr11	121190000	121435000	0.199842224975856	1
chr11	121190000	121440000	0.194642522871114	1
chr11	121190000	121445000	0.145511719473497	1
chr11	121190000	121450000	0.240926837112321	1
chr11	121190000	121455000	0.313593135252165	1
chr11	121190000	121460000	0.801194391855083	1
chr11	121190000	121465000	0.565398460622114	1
chr11	121190000	121470000	0.242407293689885	1
chr11	121195000	121235000	0.561821993564413	1
chr11	121195000	121290000	0.317883274184891	1
chr11	121195000	121295000	0.309357096659224	1
chr11	121195000	121300000	0.24307196761007	1
chr11	121195000	121315000	0.2442822467212	1
chr11	121195000	121320000	0.317570223841932	1
chr11	121195000	121325000	0.308141828496171	1
chr11	121195000	121335000	0.199672353482645	1
chr11	121195000	121445000	0.165889498492998	1
chr11	121195000	121450000	0.124465094475717	1
chr11	121195000	121455000	0.307546244594106	1
chr11	121195000	121460000	0.561807206713778	1
chr11	121195000	121465000	0.138973174459471	1
chr11	121200000	121225000	0.997918523952116	1
chr11	121200000	121230000	0.801652998355845	1
chr11	121200000	121235000	0.798766852678389	1
chr11	121200000	121240000	0.562086047928196	1
chr11	121200000	121280000	0.307568046096328	1
chr11	121200000	121295000	0.240178135530217	1
chr11	121200000	121315000	0.238416191127549	1
chr11	121200000	121320000	0.311946317728504	1
chr11	121200000	121325000	0.245652146557927	1
chr11	121200000	121450000	0.138643343813563	1
chr11	121200000	121455000	0.242560869837889	1
chr11	121200000	121460000	0.163602798825196	1
chr11	121200000	121465000	0.163277435292531	1
chr11	121205000	121225000	0.99827872513732	1
chr11	121205000	121230000	0.998311968550238	1
chr11	121205000	121235000	0.799632392334076	1
chr11	121205000	121240000	0.795411890237789	1
chr11	121205000	121245000	0.558908828578333	1
chr11	121205000	121255000	0.412629614606859	1
chr11	121205000	121295000	0.248684418582059	1
chr11	121205000	121305000	0.241286264759024	1
chr11	121205000	121310000	0.315958271756767	1
chr11	121205000	121460000	0.142816550770183	1
chr11	121210000	121230000	0.99999999999983	1
chr11	121210000	121235000	0.998371833872772	1
chr11	121210000	121240000	0.799869422682942	1
chr11	121210000	121285000	0.40924782663954	1
chr11	121210000	121290000	0.30577163916045	1
chr11	121215000	121235000	0.998888109951448	1
chr11	121215000	121250000	0.794702858715871	1
chr11	121215000	121285000	0.40587668102876	1
chr11	121215000	121290000	0.303478275544104	1
chr11	121220000	121260000	0.560422531800793	1
chr11	121225000	121285000	0.4057967817806	1
chr11	121235000	121275000	0.561229612710383	1
chr11	121235000	121285000	0.407222915038697	1
chr11	121240000	121260000	0.998633935899724	1
chr11	121240000	121270000	0.799945270599387	1
chr11	121240000	121275000	0.801112689807622	1
chr11	121240000	121280000	0.801352272529406	1
chr11	121240000	121285000	0.57191757854427	1
chr11	121240000	121290000	0.413396742495794	1
chr11	121240000	121315000	0.308235677048282	1
chr11	121240000	121320000	0.305690661215685	1
chr11	121245000	121265000	0.998338809535193	1
chr11	121245000	121270000	0.998275033031325	1
chr11	121245000	121275000	0.802550397279335	1
chr11	121245000	121280000	0.798189060188181	1
chr11	121245000	121285000	0.802149665299979	1
chr11	121245000	121290000	0.795589375184266	1
chr11	121245000	121295000	0.561730086342143	1
chr11	121250000	121270000	0.998995698988516	1
chr11	121250000	121275000	0.998345365507844	1
chr11	121250000	121280000	0.998469268027589	1
chr11	121250000	121295000	0.56650775168958	1
chr11	121255000	121275000	0.998524298952033	1
chr11	121255000	121285000	0.998041623538146	1
chr11	121260000	121280000	0.99999999999983	1
chr11	121260000	121285000	0.99827256306595	1
chr11	121260000	121290000	0.801151646173355	1
chr11	121265000	121285000	0.998463579382474	1
chr11	121270000	121290000	0.998265390029491	1
chr11	121275000	121295000	0.997929350015282	1
chr11	121290000	121310000	0.998201031372494	1
chr11	121290000	121315000	0.997871605280675	1
chr11	121290000	121320000	0.80373524157065	1
chr11	121290000	121330000	0.570769437995471	1
chr11	121290000	121455000	0.163325731161475	1
chr11	121295000	121315000	0.998906084535475	1
chr11	121295000	121320000	0.997964707959266	1
chr11	121300000	121320000	0.998942574968055	1
chr11	121305000	121325000	0.998214974547793	1
chr11	121315000	121445000	0.189988828701432	1
chr11	121315000	121460000	0.197608369716276	1
chr11	121320000	121440000	0.197581772937789	1
chr11	121320000	121445000	0.194700334498035	1
chr11	121320000	121460000	0.308190062653253	1
chr11	121325000	121345000	0.997735595019874	1
chr11	121325000	121445000	0.248678115381198	1
chr11	121325000	121450000	0.19504773361723	1
chr11	121325000	121455000	0.241112768721156	1
chr11	121325000	121460000	0.23923095900996	1
chr11	121330000	121405000	0.305919874580646	1
chr11	121330000	121430000	0.240843491642397	1
chr11	121330000	121435000	0.236856348505179	1
chr11	121330000	121440000	0.3171753558595	1
chr11	121330000	121445000	0.240102880165182	1
chr11	121330000	121450000	0.194573558057007	1
chr11	121330000	121455000	0.244398542880559	1
chr11	121330000	121460000	0.202589744162094	1
chr11	121335000	121425000	0.301842455135551	1
chr11	121335000	121440000	0.318074844924205	1
chr11	121335000	121445000	0.30443440202802	1
chr11	121335000	121450000	0.24818050962488	1
chr11	121335000	121455000	0.199187407738349	1
chr11	121340000	121360000	0.99858330313624	1
chr11	121340000	121385000	0.564883402397263	1
chr11	121340000	121390000	0.561052622418176	1
chr11	121340000	121400000	0.409746728486007	1
chr11	121340000	121405000	0.409682234931967	1
chr11	121340000	121435000	0.314323762909123	1
chr11	121340000	121440000	0.30860745874059	1
chr11	121340000	121460000	0.198318533147206	1
chr11	121345000	121365000	0.998450418015853	1
chr11	121345000	121375000	0.801614017339423	1
chr11	121345000	121395000	0.411486492683187	1
chr11	121350000	121370000	0.997527490524233	1
chr11	121350000	121380000	0.797039591769217	1
chr11	121350000	121390000	0.563706037552251	1
chr11	121350000	121400000	0.41433277570826	1
chr11	121355000	121375000	0.99869291183064	1
chr11	121355000	121380000	0.9980395889885	1
chr11	121355000	121385000	0.798957350253693	1
chr11	121355000	121390000	0.800176358665426	1
chr11	121355000	121395000	0.795785766239195	1
chr11	121355000	121400000	0.565210476307848	1
chr11	121355000	121405000	0.560643040252364	1
chr11	121355000	121425000	0.403975569735352	1
chr11	121360000	121380000	0.998797201061303	1
chr11	121360000	121390000	0.803641227558665	1
chr11	121360000	121400000	0.573494283478545	1
chr11	121360000	121405000	0.569243688477365	1
chr11	121360000	121420000	0.407979473455107	1
chr11	121365000	121385000	0.99999999999983	1
chr11	121365000	121390000	0.998461782724474	1
chr11	121365000	121395000	0.803950745627965	1
chr11	121365000	121405000	0.572761101527567	1
chr11	121365000	121410000	0.563495887798368	1
chr11	121365000	121415000	0.405641924253162	1
chr11	121370000	121390000	0.998528771350265	1
chr11	121370000	121395000	0.998347728893153	1
chr11	121370000	121400000	0.801144469417607	1
chr11	121370000	121405000	0.797627763354653	1
chr11	121370000	121410000	0.792921899984818	1
chr11	121375000	121395000	0.99999999999983	1
chr11	121375000	121400000	0.99852742120551	1
chr11	121375000	121405000	0.796706388816014	1
chr11	121375000	121410000	0.7934861930461	1
chr11	121375000	121420000	0.560542787257716	1
chr11	121380000	121400000	0.998386547610165	1
chr11	121380000	121405000	0.998134467708712	1
chr11	121380000	121410000	0.796406689472076	1
chr11	121380000	121415000	0.795232164221443	1
chr11	121385000	121405000	0.998641190211429	1
chr11	121385000	121420000	0.796356539113133	1
chr11	121385000	121430000	0.558576553439388	1
chr11	121390000	121410000	0.998443768441492	1
chr11	121390000	121415000	0.998196318652586	1
chr11	121390000	121420000	0.79960828963541	1
chr11	121395000	121415000	0.998543226213576	1
chr11	121395000	121430000	0.800528815544018	1
chr11	121400000	121430000	0.800109895534844	1
chr11	121400000	121435000	0.790595155642834	1
chr11	121400000	121450000	0.407283886276551	1
chr11	121405000	121425000	0.998571080673063	1
chr11	121405000	121430000	0.998040974841874	1
chr11	121405000	121435000	0.801480099930608	1
chr11	121410000	121430000	0.998704925299427	1
chr11	121410000	121435000	0.998338237169652	1
chr11	121410000	121440000	0.80020740525447	1
chr11	121415000	121435000	0.998449595794474	1
chr11	121425000	121445000	0.998196857663657	1
chr11	121430000	121455000	0.998212992950403	1
chr11	121435000	121455000	0.998008801875185	1
chr11	121340000	121375000	0.574351566216927	1
chr11	121220000	121275000	0.408675931525766	1
chr11	121225000	121280000	0.410726433300655	1
chr11	121240000	121295000	0.411714361305587	1
chr11	121340000	121395000	0.405800252753617	1
chr11	121355000	121410000	0.406591470007324	1
chr11	121360000	121415000	0.410381594998507	1
chr11	121365000	121420000	0.406645111927686	1
chr11	121375000	121430000	0.40593453219298	1
chr11	121380000	121435000	0.404700247567294	1
chr11	121240000	121305000	0.308748211793192	1
chr11	121345000	121410000	0.311306979111197	1
chr11	121240000	121310000	0.309173714226867	1
chr11	121335000	121405000	0.308971118234463	1
chr11	121365000	121435000	0.306648203647824	1
chr11	121200000	121285000	0.245002541887266	1
chr11	121205000	121290000	0.247315471688599	1
chr11	121210000	121295000	0.241813702785007	1
chr11	121340000	121425000	0.244051955718856	1
chr11	121360000	121445000	0.245282046422875	1
chr11	121340000	121430000	0.245751363536361	1
chr11	121180000	121335000	0.165753779763419	1
chr11	121185000	121430000	0.120623143435657	1
chr11	121165000	121470000	0.119576085809049	1
chr11	121220000	121255000	0.571298576555975	1
chr11	121360000	121395000	0.573070146861048	1
chr11	121365000	121400000	0.571653436011528	1
chr11	121330000	121415000	0.241497415056714	1
chr11	121195000	121285000	0.242202276118999	1
chr11	121210000	121300000	0.242127161839033	1
chr11	121345000	121435000	0.242723278967429	1
chr11	121315000	121455000	0.164754350764538	1
chr11	121190000	121410000	0.124010395663097	1
chr11	121180000	121410000	0.121226866818002	1
chr11	121190000	121420000	0.120250815229285	1
chr11	121205000	121320000	0.201804668520642	1
chr11	121185000	121320000	0.168287087736927	1
chr11	121300000	121435000	0.168962107090138	1
chr11	121190000	121365000	0.139429108518798	1
chr11	121195000	121230000	0.568355635077428	1
chr11	121290000	121325000	0.568366589426951	1
chr11	121405000	121440000	0.568131507232622	1
chr11	121195000	121305000	0.19819228896907	1
chr11	121210000	121320000	0.199363197556461	1
chr11	121325000	121440000	0.194586168438844	1
chr11	121295000	121440000	0.16389566149452	1
chr11	121175000	121435000	0.117199655735771	1
chr11	121170000	121450000	0.107994229409257	1
chr11	121165000	121465000	0.110292204807419	1
chr11	121215000	121240000	0.80757343892994	1
chr11	121425000	121460000	0.567174478672211	1
chr11	121175000	121445000	0.105925000436338	1
chr11	121255000	121280000	0.804198626881041	1
chr11	121195000	121330000	0.167916150556184	1
chr11	121300000	121325000	0.801424084714102	1
chr11	121340000	121365000	0.802342317443341	1
chr11	121345000	121370000	0.802493431600368	1
chr11	121360000	121385000	0.802954697519727	1
chr11	120915000	120950000	0.564991002977197	1
chr11	121210000	121245000	0.563859708128392	1
chr11	121325000	121405000	0.242762005831681	1
chr11	121340000	121445000	0.202957426960514	1
chr11	121320000	121430000	0.196172615191184	1
chr11	121385000	121410000	0.800549894988517	1
chr11	121195000	121470000	0.104777731060783	1
chr11	121295000	121330000	0.562995267099947	1
chr11	121185000	121350000	0.138015689697462	1
chr11	121190000	121355000	0.137398223127618	1
chr11	121200000	121305000	0.200170934860935	1
chr11	121345000	121450000	0.200981642485257	1
chr11	121195000	121415000	0.117312454167482	1
chr11	120900000	120925000	0.799744555242807	1
chr11	121240000	121265000	0.799224070389148	1
chr11	121320000	121345000	0.798579243140545	1
chr11	121350000	121375000	0.798903337884659	1
chr11	121395000	121420000	0.799453069251224	1
chr11	121280000	121315000	0.56118337540566	1
chr11	121300000	121335000	0.561808942869862	1
chr11	121365000	121425000	0.316664411664173	1
chr11	121265000	121290000	0.797998205330437	1
chr11	121285000	121310000	0.797876795646073	1
chr11	121425000	121450000	0.798151360151455	1
chr11	121120000	121155000	0.560321576282728	1
chr11	121185000	121290000	0.195379541540799	1
chr11	121190000	121295000	0.195475413180499	1
chr11	121160000	121450000	0.102536903531675	1
chr11	121115000	121460000	0.0927873783999801	1
chr11	121335000	121360000	0.797627383232618	1
chr11	120895000	120930000	0.55682657845846	1
chr11	121130000	121155000	0.797083671717841	1
chr11	121160000	121460000	0.0996240583601286	1
chr11	120905000	120930000	0.796671293614879	1
chr11	121400000	121425000	0.796622853432075	1
chr11	121175000	121390000	0.11712947191123	1
chr11	121185000	121400000	0.117274408649721	1
chr11	121315000	121440000	0.166473826682475	1
chr11	121230000	121290000	0.311610320182542	1
chr11	121235000	121295000	0.311885059871025	1
chr11	121350000	121410000	0.312187800133526	1
chr11	121190000	121390000	0.12159137884834	1
chr11	121195000	121400000	0.120074207103408	1
chr11	121185000	121345000	0.14240732660968	1
chr11	121305000	121330000	0.795486234952969	1
chr11	121415000	121440000	0.79533809053578	1
chr11	121180000	121430000	0.102152714120291	1
chr11	121125000	121150000	0.795111208508523	1
chr11	121235000	121260000	0.794980069771461	1
chr11	121185000	121420000	0.106870819130842	1
chr11	121195000	121440000	0.106376594872739	1
chr11	121365000	121460000	0.204281962233074	1
chr11	121160000	121465000	0.0917709361663628	1
chr11	121320000	121420000	0.196919335701877	1
chr11	121210000	121305000	0.202860307743136	1
chr11	121195000	121430000	0.105817918870316	1
chr11	121350000	121425000	0.247643990481834	1
chr11	121220000	121265000	0.413712202632171	1
chr11	121380000	121425000	0.413825602446048	1
chr11	121345000	121405000	0.303388358201563	1
chr11	121190000	121370000	0.122922638995684	1
chr11	121165000	121460000	0.0932635484507547	1
chr11	121325000	121425000	0.193494678819209	1
chr11	121200000	121245000	0.411675584478365	1
chr11	121370000	121415000	0.411612553593203	1
chr11	121210000	121335000	0.160686458300293	1
chr11	121375000	121435000	0.300368987080271	1
chr11	121180000	121415000	0.103926657938991	1
chr11	121410000	121455000	0.410011346930291	1
chr11	121190000	121235000	0.409324671296739	1
chr11	121195000	121345000	0.140385507373704	1
chr11	121185000	121410000	0.103278760887489	1
chr11	121180000	121325000	0.141362851025065	1
chr11	121235000	121460000	0.102063758234309	1
chr11	121390000	121435000	0.408649354426019	1
chr11	121180000	121470000	0.091351452642409	1
chr11	121405000	121450000	0.408378506513622	1
chr11	121195000	121240000	0.408080455307824	1
chr11	121355000	121430000	0.240904764518102	1
chr11	121290000	121335000	0.406552257751746	1
chr11	121315000	121435000	0.161560803748084	1
chr11	121290000	121440000	0.137504059250148	1
chr11	121200000	121435000	0.101552699956395	1
chr11	121295000	121460000	0.125041119686822	1
chr11	121165000	121435000	0.0914758157037319	1
chr11	121340000	121455000	0.167349398446807	1
chr11	121345000	121460000	0.166531241702782	1
chr11	121320000	121455000	0.143939081800205	1
chr11	121195000	121310000	0.166256773190304	1
chr11	121180000	121425000	0.0948032680362194	1
chr11	121200000	121445000	0.0945265014988184	1
chr11	121205000	121465000	0.0920689333960757	1
chr11	121195000	121340000	0.137447800350383	1
chr11	121195000	121365000	0.121836468374385	1
chr11	121190000	121280000	0.200874532866716	1
chr11	121180000	121315000	0.142734189468965	1
chr11	121175000	121450000	0.0885850139860837	1
chr11	121320000	121435000	0.164570811677401	1
chr11	121205000	121455000	0.0920179121565042	1
chr11	121195000	121435000	0.0945284526622677	1
chr11	121185000	121425000	0.0942910421455448	1
chr11	121180000	121435000	0.0913508363704245	1
chr11	121320000	121410000	0.196991923493605	1
chr11	121235000	121325000	0.196769479234071	1
chr11	121215000	121455000	0.0934213002304328	1
chr11	121210000	121460000	0.090488812440553	1
chr11	121315000	121450000	0.13945725941624	1
chr11	121110000	121460000	0.0750931111648025	1
chr11	121200000	121290000	0.194521717411843	1
chr11	121205000	121275000	0.247701502956017	1
chr11	121200000	121440000	0.0914824961868619	1
chr11	121105000	121460000	0.0729852733771687	1
chr11	121180000	121340000	0.120894167304458	1
chr11	121195000	121350000	0.124218367970846	1
chr11	121125000	121460000	0.0750981273666072	1
chr11	121190000	121375000	0.107899384491129	1
chr11	121190000	121345000	0.123828079823912	1
chr11	121160000	121440000	0.0826203804079701	1
chr11	121210000	121315000	0.166928768207218	1
chr11	121165000	121455000	0.0806716444860105	1
chr11	121190000	121425000	0.0911905870427868	1
chr11	121185000	121395000	0.0980247089819306	1
chr11	121350000	121435000	0.200453569373293	1
chr11	121350000	121405000	0.310529087917102	1
chr11	121175000	121430000	0.0865343889941206	1
chr11	121215000	121270000	0.309430491983026	1
chr11	121195000	121390000	0.10216580680648	1
chr11	121300000	121425000	0.1429307660503	1
chr11	121210000	121280000	0.241516157928119	1
chr11	121320000	121375000	0.30853861822798	1
chr11	121320000	121450000	0.137671230812607	1
chr11	121250000	121320000	0.241381731758343	1
chr11	121195000	121280000	0.19840227386204	1
chr11	121210000	121265000	0.307717683720553	1
chr11	121195000	121355000	0.116664234001301	1
chr11	121405000	121460000	0.307160369244916	1
chr11	121200000	121255000	0.306848161486314	1
chr11	121195000	121420000	0.0905344324177646	1
chr11	121350000	121450000	0.169977147016603	1
chr11	121350000	121420000	0.238428525136593	1
chr11	121180000	121355000	0.107562745871941	1
chr11	121200000	121300000	0.169054785527067	1
chr11	121185000	121310000	0.139519117160178	1
chr11	121345000	121400000	0.304048066567687	1
chr11	121395000	121450000	0.303442271417805	1
chr11	121115000	121465000	0.0688554596484843	1
chr11	121335000	121460000	0.138977169888037	1
chr11	121195000	121410000	0.0917441133372724	1
chr11	121245000	121300000	0.301848280156779	1
chr11	121195000	121405000	0.0920493448908496	1
chr11	121120000	121465000	0.068294026128828	1
chr11	121335000	121435000	0.16613550688314	1
chr11	121300000	121445000	0.121409431217584	1
chr11	121190000	121400000	0.0917468489344984	1
chr11	121160000	121365000	0.093186672274244	1
chr11	121205000	121325000	0.141274143079627	1
chr11	121285000	121440000	0.115409694677172	1
chr11	121175000	121440000	0.0792455883244292	1
chr11	121175000	121320000	0.120773495963676	1
chr11	121370000	121425000	0.299343719551412	1
chr11	121160000	121455000	0.0739380670792393	1
chr11	121185000	121365000	0.101313530410878	1
chr11	121160000	121470000	0.070836541070104	1
chr11	121340000	121420000	0.201996361408107	1
chr11	121175000	121410000	0.0832543069348775	1
chr11	121290000	121460000	0.105232524374216	1
chr11	121180000	121420000	0.0818528082210746	1
chr11	121180000	121305000	0.134409533886292	1
chr11	121190000	121285000	0.170538785319034	1
chr11	121200000	121340000	0.121877616494199	1
chr11	121210000	121275000	0.246907342220363	1
chr11	121210000	121440000	0.083413040350394	1
chr11	121235000	121300000	0.246779390894803	1
chr11	121330000	121425000	0.169403583265451	1
chr11	121305000	121450000	0.117650202746695	1
chr11	121130000	121460000	0.0669908587538579	1
chr11	121200000	121335000	0.124922700871427	1
chr11	121195000	121395000	0.0918266941093655	1
chr11	121195000	121425000	0.0827904401010694	1
chr11	121185000	121325000	0.120748986812611	1
chr11	121365000	121430000	0.245724062033176	1
chr11	121190000	121385000	0.0930638499554104	1
chr11	121335000	121400000	0.245502484373602	1
chr11	121180000	121350000	0.103040016243802	1
chr11	121325000	121390000	0.244641771604172	1
chr11	121360000	121455000	0.167335543265671	1
chr11	121165000	121430000	0.0750410852066219	1
chr11	121190000	121270000	0.197232747840763	1
chr11	121190000	121305000	0.140737680254674	1
chr11	121115000	121455000	0.0639504807885416	1
chr11	121345000	121445000	0.158884076319329	1
chr11	121370000	121435000	0.24339297824901	1
chr11	121170000	121440000	0.074017934998737	1
chr11	121355000	121420000	0.242946377315402	1
chr11	121225000	121290000	0.242868424788914	1
chr11	121310000	121425000	0.140067421105168	1
chr11	121360000	121425000	0.242669072320009	1
chr11	121175000	121335000	0.105741504283127	1
chr11	121360000	121440000	0.195420130917067	1
chr11	121215000	121295000	0.195052819642086	1
chr11	121350000	121445000	0.164954239714147	1
chr11	121155000	121465000	0.0661018663198549	1
chr11	121230000	121270000	0.417443086726252	1
chr11	121185000	121405000	0.0827495565734681	1
chr11	121380000	121430000	0.321453737385147	1
chr11	121345000	121425000	0.194168728022217	1
chr11	121170000	121445000	0.0717742438018416	1
chr11	121355000	121450000	0.164118748638655	1
chr11	121245000	121310000	0.240372178914229	1
chr11	121205000	121425000	0.0824219386206714	1
chr11	121180000	121440000	0.0733370680555757	1
chr11	121170000	121420000	0.0748487746216693	1
chr11	121395000	121435000	0.41561192376591	1
chr11	121245000	121460000	0.0833039779806235	1
chr11	121340000	121380000	0.415539173248167	1
chr11	121155000	121460000	0.0661666992751973	1
chr11	121200000	121310000	0.142268216472021	1
chr11	121115000	121450000	0.0619940675085109	1
chr11	121160000	121445000	0.0686887322981838	1
chr11	121335000	121430000	0.161858757062549	1
chr11	121120000	121160000	0.413543955909264	1
chr11	121170000	121470000	0.065718614025657	1
chr11	121380000	121420000	0.413239513550195	1
chr11	121155000	121470000	0.0639482309839755	1
chr11	121250000	121290000	0.412660961620664	1
chr11	121195000	121370000	0.0951481148415523	1
chr11	121240000	121455000	0.0816441114557411	1
chr11	121325000	121435000	0.140503101570462	1
chr11	121200000	121250000	0.316510515014733	1
chr11	121345000	121420000	0.203295150323954	1
chr11	121210000	121450000	0.0747780334193039	1
chr11	121305000	121460000	0.103988656807028	1
chr11	121375000	121425000	0.315717659411629	1
chr11	121325000	121365000	0.411315748056615	1
chr11	121245000	121320000	0.202417921079342	1
chr11	121345000	121385000	0.410859607252597	1
chr11	121215000	121325000	0.13947213350682	1
chr11	121370000	121420000	0.314949485029843	1
chr11	121340000	121450000	0.139330598834247	1
chr11	121240000	121460000	0.079053488620359	1
chr11	121110000	121465000	0.0579639769742883	1
chr11	121240000	121330000	0.167393500534933	1
chr11	121405000	121445000	0.409416140943255	1
chr11	121215000	121465000	0.0716683040961613	1
chr11	121360000	121450000	0.16722935826282	1
chr11	121320000	121360000	0.409219471931408	1
chr11	121280000	121320000	0.408884022092563	1
chr11	121180000	121380000	0.0841001981055479	1
chr11	121200000	121390000	0.0867591976879944	1
chr11	121210000	121250000	0.408769784283486	1
chr11	121340000	121415000	0.20077405359081	1
chr11	121205000	121315000	0.138151614195242	1
chr11	121200000	121425000	0.0768190180583653	1
chr11	121285000	121335000	0.313251208294917	1
chr11	121220000	121460000	0.0732911850811051	1
chr11	121415000	121455000	0.408002037069541	1
chr11	121210000	121445000	0.0739494564710592	1
chr11	121325000	121415000	0.165899360731687	1
chr11	121325000	121430000	0.14273316093817	1
chr11	121200000	121330000	0.11764831823644	1
chr11	121230000	121455000	0.0760981677216914	1
chr11	121200000	121405000	0.0811024408609209	1
chr11	121360000	121410000	0.31153005637501	1
chr11	121390000	121430000	0.406411494886363	1
chr11	121375000	121415000	0.406217592326537	1
chr11	121380000	121455000	0.198611141919339	1
chr11	121175000	121345000	0.0937171842849109	1
chr11	121190000	121380000	0.0851648733512593	1
chr11	121205000	121435000	0.0741589615768161	1
chr11	121190000	121240000	0.310640561011563	1
chr11	121205000	121410000	0.0804941627680214	1
chr11	121215000	121460000	0.0707674929482711	1
chr11	121195000	121380000	0.0865138392421143	1
chr11	121215000	121275000	0.251055536732051	1
chr11	121405000	121455000	0.309011739907396	1
chr11	121355000	121445000	0.163268081606176	1
chr11	121190000	121265000	0.196750042518088	1
chr11	121185000	121360000	0.0901271263462294	1
chr11	120910000	120950000	0.403338996405402	1
chr11	121205000	121430000	0.0742037205621897	1
chr11	121295000	121455000	0.0963756741466953	1
chr11	121175000	121340000	0.0937073940074655	1
chr11	121195000	121270000	0.195265001154025	1
chr11	121200000	121365000	0.0932610222715469	1
chr11	121240000	121300000	0.248715541521855	1
chr11	121105000	121465000	0.0540223432034519	1
chr11	121395000	121445000	0.306631617513663	1
chr11	121110000	121160000	0.306345195557762	1
chr11	121230000	121280000	0.306287239263363	1
chr11	121185000	121370000	0.0844475738935715	1
chr11	121385000	121435000	0.306030953379063	1
chr11	121190000	121415000	0.0729339647238801	1
chr11	121195000	121360000	0.0923893933587298	1
chr11	121370000	121430000	0.247534937733639	1
chr11	121150000	121465000	0.0582504412198184	1
chr11	121205000	121265000	0.24674296041701	1
chr11	121350000	121455000	0.137313623540781	1
chr11	121210000	121455000	0.0680151194982025	1
chr11	121205000	121415000	0.0756581134400113	1
chr11	121205000	121450000	0.0678347794330846	1
chr11	121105000	121450000	0.0539296295359746	1
chr11	121355000	121440000	0.168212201297444	1
chr11	121200000	121360000	0.0931743140000525	1
chr11	121180000	121400000	0.072467699417664	1
chr11	121175000	121420000	0.0670411513260589	1
chr11	121355000	121455000	0.142110742858302	1
chr11	121170000	121335000	0.0903164621880898	1
chr11	121330000	121390000	0.24428677825994	1
chr11	121200000	121470000	0.0627570941859564	1
chr11	121310000	121450000	0.103678506161959	1
chr11	121360000	121460000	0.141075867116028	1
chr11	121300000	121330000	0.574839271056829	1
chr11	121170000	121435000	0.062409585135421	1
chr11	121280000	121460000	0.0831072339792566	1
chr11	121365000	121450000	0.165901663698533	1
chr11	121210000	121270000	0.242497335008183	1
chr11	121185000	121385000	0.0765724021721639	1
chr11	121285000	121315000	0.573750292565385	1
chr11	121305000	121455000	0.096509778049372	1
chr11	121295000	121435000	0.102624853974835	1
chr11	121205000	121335000	0.109312716540372	1
chr11	121120000	121455000	0.0532086789694159	1
chr11	121200000	121430000	0.0681490948901021	1
chr11	121225000	121460000	0.0671361951158413	1
chr11	121165000	121440000	0.0605506632065744	1
chr11	121280000	121455000	0.0841871330555282	1
chr11	121340000	121370000	0.57252738259632	1
chr11	121395000	121425000	0.572272051785449	1
chr11	121170000	121330000	0.0902666833052312	1
chr11	121235000	121320000	0.164049846823331	1
chr11	121220000	121320000	0.138868343180601	1
chr11	121320000	121405000	0.163796158914125	1
chr11	121170000	121345000	0.0835311788526928	1
chr11	121380000	121440000	0.239957178960624	1
chr11	121295000	121325000	0.571176367947615	1
chr11	121125000	121465000	0.0515105806769283	1
chr11	121215000	121245000	0.570793766500472	1
chr11	121220000	121455000	0.066010761599236	1
chr11	121200000	121260000	0.239366741562363	1
chr11	121430000	121460000	0.570378584442759	1
chr11	121240000	121325000	0.162947230145794	1
chr11	121220000	121290000	0.201227330505769	1
chr11	121220000	121250000	0.570117267584452	1
chr11	121160000	121420000	0.0612295302193863	1
chr11	121425000	121455000	0.569430482952667	1
chr11	121420000	121450000	0.569427507706512	1
chr11	121340000	121410000	0.200661007470874	1
chr11	121165000	121375000	0.0711915495919576	1
chr11	121280000	121310000	0.569206780129147	1
chr11	121180000	121330000	0.0939168604841055	1
chr11	121170000	121430000	0.0607585937181509	1
chr11	120715000	120745000	0.56882944766449	1
chr11	121310000	121455000	0.0965349543205515	1
chr11	121325000	121355000	0.568289685685328	1
chr11	121380000	121450000	0.199610730438185	1
chr11	121185000	121380000	0.0747986004297569	1
chr11	121115000	121470000	0.0490211963154951	1
chr11	121180000	121345000	0.0853784715509166	1
chr11	121230000	121260000	0.566844326272573	1
chr11	121315000	121430000	0.118396633316023	1
chr11	121385000	121415000	0.566613397185004	1
chr11	121165000	121385000	0.067659708262273	1
chr11	121170000	121360000	0.0755143758577387	1
chr11	121265000	121295000	0.566375727143432	1
chr11	121360000	121430000	0.197895149739523	1
chr11	121335000	121365000	0.565659763226354	1
chr11	121210000	121420000	0.0693622023402432	1
chr11	121350000	121460000	0.122512999701348	1
chr11	121205000	121300000	0.141480226187189	1
chr11	121395000	121455000	0.234469218738802	1
chr11	121145000	121460000	0.0517097942284171	1
chr11	121330000	121360000	0.564560260535643	1
chr11	121310000	121460000	0.0913484998266734	1
chr11	121230000	121425000	0.0731602605548659	1
chr11	121215000	121310000	0.140871536307699	1
chr11	121320000	121350000	0.56404108914116	1
chr11	121245000	121315000	0.196295723154736	1
chr11	121200000	121355000	0.0884728889729172	1
chr11	121155000	121440000	0.0549426162189319	1
chr11	121165000	121380000	0.0671454985313996	1
chr11	121185000	121415000	0.0635932300665075	1
chr11	121170000	121390000	0.0660168393490303	1
chr11	121105000	121440000	0.0491650912383464	1
chr11	121170000	121415000	0.0605989088139866	1
chr11	121165000	121405000	0.0614942070190698	1
chr11	121240000	121335000	0.139944653564311	1
chr11	121240000	121405000	0.0827584119408353	1
chr11	121355000	121435000	0.16771902478001	1
chr11	121105000	121455000	0.0471036735045128	1
chr11	121230000	121440000	0.067360817643905	1
