chr11	67015000	67080000	0.412660961620664	1
chr11	67015000	67095000	0.312365347782333	1
chr11	67020000	67080000	0.567802686518376	1
chr11	67020000	67085000	0.569161609239793	1
chr11	67025000	67075000	0.568355635077428	1
chr11	67025000	67080000	0.997072197851451	1
chr11	67025000	67085000	0.796530425254918	1
chr11	67025000	67090000	0.560438478194774	1
chr11	67025000	67095000	0.405315643762562	1
chr11	67025000	67100000	0.310055339196177	1
chr11	67025000	67150000	0.248684418582059	1
chr11	67030000	67050000	0.998265390029491	1
chr11	67030000	67055000	0.998318147304262	1
chr11	67030000	67060000	0.998071602970379	1
chr11	67030000	67065000	0.798571526707803	1
chr11	67030000	67070000	0.801596353911959	1
chr11	67030000	67075000	0.997735595019874	1
chr11	67030000	67080000	0.99999999999983	1
chr11	67030000	67085000	0.998497129576344	1
chr11	67030000	67090000	0.414880927926877	1
chr11	67030000	67095000	0.412629614606859	1
chr11	67030000	67105000	0.310529087917102	1
chr11	67030000	67110000	0.251325662176202	1
chr11	67030000	67115000	0.303478275544104	1
chr11	67030000	67145000	0.308887198928881	1
chr11	67030000	67150000	0.243848557468628	1
chr11	67035000	67055000	0.998345365507844	1
chr11	67035000	67060000	0.998135917201992	1
chr11	67035000	67065000	0.795111208508523	1
chr11	67035000	67070000	0.796970659757791	1
chr11	67035000	67075000	0.570117267584452	1
chr11	67035000	67080000	0.998564069789374	1
chr11	67035000	67085000	0.567773541687503	1
chr11	67040000	67060000	0.999048357048785	1
chr11	67040000	67070000	0.799869422682942	1
chr11	67040000	67075000	0.799480861344752	1
chr11	67040000	67080000	0.806775778842327	1
chr11	67040000	67085000	0.57226506490818	1
chr11	67045000	67075000	0.799744555242807	1
chr11	67045000	67080000	0.806725265813933	1
chr11	67045000	67085000	0.570000322016299	1
chr11	67050000	67080000	0.807930202853272	1
chr11	67055000	67075000	0.998407502318212	1
chr11	67055000	67080000	0.99999999999983	1
chr11	67060000	67080000	0.99999999999983	1
chr11	67085000	67105000	0.998811865851325	1
chr11	67085000	67110000	0.997880022610844	1
chr11	67085000	67145000	0.40593453219298	1
chr11	67090000	67110000	0.998171919577444	1
chr11	67095000	67115000	0.997968388439773	1
chr11	67100000	67150000	0.410097688799726	1
chr11	67110000	67145000	0.801151646173355	1
chr11	67110000	67150000	0.798935821684204	1
chr11	67110000	67155000	0.565866275032555	1
chr11	67115000	67145000	0.998790536830738	1
chr11	67115000	67150000	0.998528771350265	1
chr11	67115000	67155000	0.801352272529406	1
chr11	67120000	67140000	0.99999999999983	1
chr11	67120000	67145000	0.99999999999983	1
chr11	67120000	67150000	0.99999999999983	1
chr11	67120000	67155000	0.997890048221014	1
chr11	67125000	67145000	0.99999999999983	1
chr11	67125000	67150000	0.99999999999983	1
chr11	67125000	67155000	0.997698111854611	1
chr11	67130000	67150000	0.998510020580706	1
chr11	67155000	67255000	0.245002541887266	1
chr11	67155000	67260000	0.242512470379877	1
chr11	67155000	67270000	0.41068799216557	1
chr11	67160000	67235000	0.309065302261641	1
chr11	67160000	67270000	0.408675931525766	1
chr11	67165000	67195000	0.796783514146917	1
chr11	67165000	67205000	0.563759900884874	1
chr11	67165000	67230000	0.564883402397263	1
chr11	67165000	67240000	0.309428508008003	1
chr11	67165000	67245000	0.55682657845846	1
chr11	67165000	67250000	0.406552257751746	1
chr11	67165000	67260000	0.245282046422875	1
chr11	67165000	67270000	0.405805396444297	1
chr11	67170000	67190000	0.99999999999983	1
chr11	67170000	67195000	0.998443768441492	1
chr11	67170000	67200000	0.796706388816014	1
chr11	67170000	67210000	0.563889054984906	1
chr11	67170000	67220000	0.414781806117937	1
chr11	67170000	67225000	0.563790506131821	1
chr11	67170000	67230000	0.567473635716613	1
chr11	67170000	67235000	0.563706037552251	1
chr11	67170000	67245000	0.31026018965132	1
chr11	67170000	67250000	0.411552838706583	1
chr11	67170000	67255000	0.310534015877959	1
chr11	67170000	67270000	0.4152117979595	1
chr11	67175000	67195000	0.998995698988516	1
chr11	67175000	67225000	0.413640007166584	1
chr11	67175000	67235000	0.416622800859881	1
chr11	67175000	67240000	0.405606168417696	1
chr11	67175000	67270000	0.248492727880031	1
chr11	67180000	67230000	0.560226711799672	1
chr11	67180000	67240000	0.413355438924365	1
chr11	67180000	67260000	0.306219818564415	1
chr11	67185000	67205000	0.997871605280675	1
chr11	67185000	67225000	0.558576553439388	1
chr11	67185000	67235000	0.413405130843722	1
chr11	67190000	67210000	0.998005746423071	1
chr11	67190000	67220000	0.799127973292106	1
chr11	67190000	67225000	0.797331159014423	1
chr11	67190000	67230000	0.799955997938083	1
chr11	67195000	67215000	0.998338237169652	1
chr11	67195000	67220000	0.99795319549942	1
chr11	67195000	67225000	0.805765301322427	1
chr11	67195000	67230000	0.99798008391564	1
chr11	67195000	67235000	0.800154364968364	1
chr11	67195000	67250000	0.55990878271158	1
chr11	67195000	67270000	0.313403838865238	1
chr11	67200000	67220000	0.997842704974395	1
chr11	67200000	67225000	0.998906084535475	1
chr11	67200000	67230000	0.805368873935419	1
chr11	67200000	67235000	0.799975434107916	1
chr11	67200000	67240000	0.561808942869862	1
chr11	67200000	67250000	0.570793766500472	1
chr11	67205000	67225000	0.99999999999983	1
chr11	67205000	67230000	0.998687101706442	1
chr11	67205000	67235000	0.799461261246904	1
chr11	67205000	67245000	0.561730086342143	1
chr11	67205000	67250000	0.570449088179695	1
chr11	67205000	67255000	0.407129071757314	1
chr11	67205000	67265000	0.403975569735352	1
chr11	67210000	67230000	0.99999999999983	1
chr11	67210000	67235000	0.998103351151209	1
chr11	67210000	67250000	0.57158575953572	1
chr11	67215000	67235000	0.998073890680245	1
chr11	67215000	67245000	0.797466934761064	1
chr11	67230000	67250000	0.998361050720737	1
chr11	67230000	67270000	0.566242041668934	1
chr11	67240000	67270000	0.796406689472076	1
chr11	67250000	67270000	0.998641190211429	1
chr11	67280000	67300000	0.998167102212906	1
chr11	67280000	67310000	0.79960828963541	1
chr11	67280000	67320000	0.570951020197616	1
chr11	67285000	67305000	0.998033856961408	1
chr11	67285000	67315000	0.798957350253693	1
chr11	67285000	67325000	0.565606420529043	1
chr11	67290000	67310000	0.998418253600308	1
chr11	67295000	67315000	0.998601036078431	1
chr11	67300000	67320000	0.997929350015282	1
chr11	67350000	67370000	0.998804140151704	1
chr11	67355000	67375000	0.998589503039498	1
chr11	67390000	67480000	0.305352441207205	1
chr11	67395000	67425000	0.998196318652586	1
chr11	67400000	67420000	0.998134467708712	1
chr11	67400000	67425000	0.99827256306595	1
chr11	67400000	67480000	0.316787644997923	1
chr11	67405000	67425000	0.998461782724474	1
chr11	67405000	67475000	0.406416786076578	1
chr11	67475000	67755000	0.99999999999983	1
chr11	67485000	67735000	0.568023985620251	1
chr11	67610000	67715000	0.243967527829485	1
chr11	67615000	67715000	0.31354378937538	1
chr11	67615000	67720000	0.407979473455107	1
chr11	67620000	67715000	0.315777602093329	1
chr11	67620000	67720000	0.418192703220837	1
chr11	67620000	67725000	0.408194640362996	1
chr11	67620000	67730000	0.248715541521855	1
chr11	67625000	67700000	0.414203216275577	1
chr11	67625000	67710000	0.793600854386656	1
chr11	67625000	67715000	0.568615185337619	1
chr11	67625000	67720000	0.796175672908278	1
chr11	67625000	67725000	0.412067396650367	1
chr11	67625000	67750000	0.312272799588051	1
chr11	67630000	67705000	0.797782231417145	1
chr11	67630000	67710000	0.321562728018547	1
chr11	67630000	67720000	0.248836383846742	1
chr11	67630000	67725000	0.313935666402645	1
chr11	67635000	67720000	0.303388358201563	1
chr11	67640000	67685000	0.573494283478545	1
chr11	67645000	67695000	0.40686236688033	1
chr11	67770000	67790000	0.997964707959266	1
chr11	67775000	67795000	0.998338809535193	1
chr11	67810000	67830000	0.998275033031325	1
chr11	67810000	67840000	0.798509282072443	1
chr11	67815000	67835000	0.998503076681963	1
chr11	67820000	67840000	0.997527490524233	1
chr11	67825000	67845000	0.998126386960075	1
chr11	67835000	67855000	0.9980395889885	1
chr11	67840000	67880000	0.564855936094765	1
chr11	67850000	67870000	0.998123891381292	1
chr11	67855000	67875000	0.998726383957204	1
chr11	67855000	67885000	0.800766128496274	1
chr11	67865000	67885000	0.998492427843995	1
chr11	67285000	67320000	0.576817890788781	1
chr11	67020000	67075000	0.413468375199618	1
chr11	67175000	67230000	0.417510696487849	1
chr11	67190000	67245000	0.411612553593203	1
chr11	67205000	67260000	0.40587668102876	1
chr11	67180000	67245000	0.308190062653253	1
chr11	67650000	67715000	0.300368987080271	1
chr11	67020000	67090000	0.304409312850707	1
chr11	67165000	67235000	0.315984749059551	1
chr11	67175000	67245000	0.314821816788672	1
chr11	67180000	67250000	0.308064808061736	1
chr11	67635000	67705000	0.312509454817865	1
chr11	67480000	67760000	0.121877616494199	1
chr11	67170000	67205000	0.573070146861048	1
chr11	67205000	67240000	0.569471637925564	1
chr11	67210000	67245000	0.571653436011528	1
chr11	67235000	67270000	0.57252738259632	1
chr11	67280000	67315000	0.57090795007975	1
chr11	67175000	67260000	0.240148505838039	1
chr11	67615000	67700000	0.240102880165182	1
chr11	67620000	67710000	0.242946377315402	1
chr11	67160000	67250000	0.240904764518102	1
chr11	67165000	67255000	0.23923095900996	1
chr11	67170000	67260000	0.238203842590148	1
chr11	67345000	67370000	0.808884714966892	1
chr11	67335000	67370000	0.568168489644971	1
chr11	67345000	67380000	0.568067129020961	1
chr11	67160000	67275000	0.192125077294544	1
chr11	67625000	67740000	0.197664715160297	1
chr11	67395000	67420000	0.805502626487309	1
chr11	67175000	67210000	0.565536747935845	1
chr11	67180000	67215000	0.567326528841742	1
chr11	67045000	67070000	0.80373524157065	1
chr11	67810000	67835000	0.804304187367286	1
chr11	67615000	67725000	0.196769479234071	1
chr11	67060000	67085000	0.801194391855083	1
chr11	67115000	67140000	0.802909621608592	1
chr11	67215000	67240000	0.802092730027926	1
chr11	67285000	67310000	0.801209201018395	1
chr11	67290000	67315000	0.802550397279335	1
chr11	67295000	67320000	0.803304481311732	1
chr11	67815000	67840000	0.802863131731729	1
chr11	67860000	67885000	0.802643244763989	1
chr11	67185000	67220000	0.565268138138942	1
chr11	67230000	67265000	0.56404108914116	1
chr11	67810000	67845000	0.565210476307848	1
chr11	67845000	67880000	0.565142073687457	1
chr11	67020000	67100000	0.240799752468671	1
chr11	67155000	67235000	0.241516157928119	1
chr11	67160000	67240000	0.242127161839033	1
chr11	67040000	67065000	0.800594829878361	1
chr11	67110000	67135000	0.800604812063274	1
chr11	67240000	67265000	0.800528815544018	1
chr11	67245000	67270000	0.800607829591021	1
chr11	67350000	67375000	0.800371575662528	1
chr11	67355000	67380000	0.80062117357342	1
chr11	67845000	67870000	0.800351908152377	1
chr11	67090000	67115000	0.800196843433677	1
chr11	67220000	67245000	0.800227191545072	1
chr11	67165000	67200000	0.5618973984761	1
chr11	67160000	67265000	0.20077405359081	1
chr11	67165000	67190000	0.798866068731098	1
chr11	67180000	67205000	0.799224070389148	1
chr11	67190000	67215000	0.799355719030163	1
chr11	67225000	67250000	0.798371178253215	1
chr11	67280000	67305000	0.799232768041022	1
chr11	67430000	67455000	0.799501844460331	1
chr11	67435000	67460000	0.79926818112779	1
chr11	67805000	67830000	0.798903337884659	1
chr11	67160000	67195000	0.561292620530433	1
chr11	67390000	67425000	0.561807206713778	1
chr11	67840000	67875000	0.56118337540566	1
chr11	67805000	67840000	0.560422531800793	1
chr11	67190000	67250000	0.315717659411629	1
chr11	67030000	67135000	0.195420130917067	1
chr11	67625000	67730000	0.195693319120255	1
chr11	67850000	67875000	0.79736498226494	1
chr11	67630000	67690000	0.313412856566615	1
chr11	67395000	67475000	0.237698408641058	1
chr11	67050000	67075000	0.796671293614879	1
chr11	67445000	67470000	0.796622853432075	1
chr11	67635000	67715000	0.236856348505179	1
chr11	67610000	67720000	0.191268038046154	1
chr11	67195000	67255000	0.309173714226867	1
chr11	67340000	67365000	0.79524275518032	1
chr11	67675000	67700000	0.795486234952969	1
chr11	67610000	67745000	0.155602713671602	1
chr11	67175000	67200000	0.794570254736811	1
chr11	67770000	67795000	0.794447941885249	1
chr11	67775000	67800000	0.794980069771461	1
chr11	67160000	67260000	0.200543658741394	1
chr11	67165000	67265000	0.200418270002307	1
chr11	67520000	67545000	0.793371309303284	1
chr11	67630000	67730000	0.198708389718986	1
chr11	67155000	67275000	0.168791383870369	1
chr11	67170000	67265000	0.203078976616896	1
chr11	67195000	67240000	0.414530825390177	1
chr11	67200000	67245000	0.414612580243769	1
chr11	67010000	67085000	0.247020418342517	1
chr11	67175000	67220000	0.412727790772631	1
chr11	67150000	67270000	0.166267976861708	1
chr11	67185000	67230000	0.411486492683187	1
chr11	67190000	67235000	0.411446843731659	1
chr11	67385000	67480000	0.199842224975856	1
chr11	67335000	67380000	0.409697125858176	1
chr11	67345000	67390000	0.409064727407668	1
chr11	67810000	67855000	0.408884022092563	1
chr11	67180000	67255000	0.242939658926636	1
chr11	67020000	67065000	0.408518408708801	1
chr11	67120000	67165000	0.408248005786922	1
chr11	67025000	67070000	0.408080455307824	1
chr11	67015000	67090000	0.241141285930584	1
chr11	67180000	67225000	0.405800252753617	1
chr11	67025000	67145000	0.161093532571953	1
chr11	67275000	67320000	0.403899906925769	1
chr11	67815000	67860000	0.403981348259232	1
chr11	67225000	67270000	0.403754797582448	1
chr11	67635000	67725000	0.201996361408107	1
chr11	67610000	67725000	0.165874293602362	1
chr11	67615000	67730000	0.164019997525555	1
chr11	67155000	67265000	0.167292873626759	1
chr11	67025000	67115000	0.197232747840763	1
chr11	67165000	67275000	0.165823256718792	1
chr11	67030000	67120000	0.194494677138037	1
chr11	67160000	67230000	0.246687066622318	1
chr11	67620000	67705000	0.202596764854444	1
chr11	67630000	67700000	0.245524682271723	1
chr11	67400000	67470000	0.245342553608339	1
chr11	67470000	67750000	0.0826680614190004	1
chr11	67200000	67270000	0.244641771604172	1
chr11	67645000	67700000	0.311602095615002	1
chr11	67025000	67110000	0.199702535250998	1
chr11	67185000	67270000	0.1997180920477	1
chr11	67030000	67100000	0.242752376227663	1
chr11	67645000	67715000	0.242342964394941	1
chr11	67630000	67715000	0.198611141919339	1
chr11	67410000	67480000	0.241011786201499	1
chr11	67035000	67090000	0.307604181004253	1
chr11	67185000	67240000	0.307554978523935	1
chr11	67390000	67475000	0.197912076255871	1
chr11	67040000	67145000	0.163952440388711	1
chr11	67030000	67155000	0.141908824174692	1
chr11	67190000	67260000	0.240321169168432	1
chr11	67215000	67270000	0.307160369244916	1
chr11	67160000	67245000	0.197567412193984	1
chr11	67170000	67240000	0.239525181021858	1
chr11	67180000	67235000	0.306256321564856	1
chr11	67010000	67095000	0.196435760059923	1
chr11	67605000	67710000	0.161877456104775	1
chr11	67175000	67275000	0.169043757550468	1
chr11	67145000	67270000	0.139503433094042	1
chr11	67805000	67885000	0.205139136569051	1
chr11	67615000	67735000	0.142044613718614	1
chr11	67605000	67725000	0.140647703807491	1
chr11	67615000	67710000	0.171522187993566	1
chr11	67185000	67250000	0.248487536040937	1
chr11	67175000	67255000	0.200981642485257	1
chr11	67340000	67480000	0.122512999701348	1
chr11	67190000	67255000	0.247270010539507	1
chr11	67010000	67075000	0.247233205495799	1
chr11	67405000	67565000	0.108708565294341	1
chr11	67055000	67150000	0.168962107090138	1
chr11	67615000	67755000	0.120894167304458	1
chr11	67620000	67755000	0.124503493759143	1
chr11	67160000	67255000	0.168287087736927	1
chr11	67190000	67270000	0.198204751953052	1
chr11	67620000	67700000	0.197895149739523	1
chr11	67205000	67270000	0.244412960774894	1
chr11	67035000	67150000	0.14107635096312	1
chr11	67195000	67260000	0.243468103230995	1
chr11	67035000	67115000	0.195933454993768	1
chr11	67625000	67760000	0.122138020358059	1
chr11	67580000	67735000	0.107434109112645	1
chr11	67620000	67750000	0.123799740637955	1
chr11	67485000	67740000	0.0745072843414098	1
chr11	67605000	67735000	0.123126277112685	1
chr11	67035000	67100000	0.239602395204743	1
chr11	67635000	67730000	0.163073974144663	1
chr11	67120000	67160000	0.415427108068309	1
chr11	67350000	67390000	0.414417275473186	1
chr11	67635000	67675000	0.413861459685549	1
chr11	67615000	67745000	0.121503217073406	1
chr11	67605000	67730000	0.126149635064121	1
chr11	67805000	67845000	0.412742680618779	1
chr11	67275000	67315000	0.412175560562042	1
chr11	67400000	67475000	0.203295150323954	1
chr11	67340000	67380000	0.411675584478365	1
chr11	67615000	67705000	0.169054785527067	1
chr11	67175000	67250000	0.202417921079342	1
chr11	67845000	67885000	0.410726433300655	1
chr11	67040000	67150000	0.13947213350682	1
chr11	67605000	67715000	0.139285130845368	1
chr11	67385000	67475000	0.167927029284009	1
chr11	67635000	67710000	0.201804668520642	1
chr11	67105000	67155000	0.313877587954291	1
chr11	67615000	67750000	0.115409694677172	1
chr11	67610000	67735000	0.123035647009881	1
chr11	67430000	67480000	0.313066850060401	1
chr11	67330000	67370000	0.408002037069541	1
chr11	67290000	67330000	0.407888016538409	1
chr11	67010000	67100000	0.166256773190304	1
chr11	67455000	67495000	0.407847099472262	1
chr11	67335000	67375000	0.407588749822204	1
chr11	67195000	67245000	0.312032293986931	1
chr11	67330000	67380000	0.311306979111197	1
chr11	67215000	67265000	0.311240832883025	1
chr11	67425000	67465000	0.406217592326537	1
chr11	67020000	67110000	0.164760108588672	1
chr11	67150000	67260000	0.135475476186978	1
chr11	67595000	67720000	0.120201073215963	1
chr11	67020000	67145000	0.120035931302743	1
chr11	67340000	67390000	0.309090566690803	1
chr11	67335000	67425000	0.16306483501154	1
chr11	67180000	67270000	0.162970995002249	1
chr11	67425000	67560000	0.112034855699834	1
chr11	67350000	67425000	0.196385285884273	1
chr11	67025000	67065000	0.403338996405402	1
chr11	67210000	67260000	0.308176484789264	1
chr11	67395000	67565000	0.0918266941093655	1
chr11	67155000	67230000	0.195475413180499	1
chr11	67150000	67275000	0.118800136830161	1
chr11	67040000	67090000	0.307051186130779	1
chr11	67400000	67460000	0.248398797915395	1
chr11	67170000	67275000	0.138736874683843	1
chr11	67020000	67070000	0.305690661215685	1
chr11	67655000	67695000	0.400063808329228	1
chr11	67185000	67245000	0.246479422866128	1
chr11	67600000	67725000	0.116812245650637	1
chr11	67605000	67745000	0.105155139350125	1
chr11	67150000	67255000	0.136209430365486	1
chr11	67275000	67325000	0.302063019601895	1
chr11	67625000	67685000	0.244310247430846	1
chr11	67120000	67240000	0.120074207103408	1
chr11	67040000	67155000	0.124298812739901	1
chr11	67600000	67715000	0.124010395663097	1
chr11	67395000	67480000	0.1661672491042	1
chr11	67640000	67700000	0.242868424788914	1
chr11	67480000	67755000	0.0610300990140509	1
