chr10	62575000	62715000	0.240102880165182	1
chr10	62575000	62720000	0.309082464134236	1
chr10	62610000	62630000	0.998388711070759	1
chr10	62625000	62720000	0.241181005772565	1
chr10	62625000	62745000	0.241516157928119	1
chr10	62635000	62675000	0.565106596340881	1
chr10	62660000	62680000	0.998207844214714	1
chr10	62660000	62690000	0.798371578792862	1
chr10	62675000	62695000	0.998135917201992	1
chr10	62850000	62870000	0.997929350015282	1
chr10	62895000	63045000	0.198052442748798	1
chr10	62905000	62925000	0.998105108029352	1
chr10	62920000	62940000	0.997766403630964	1
chr10	62925000	63355000	0.140312180437782	1
chr10	62935000	62955000	0.998010601824975	1
chr10	63060000	63080000	0.997728281302913	1
chr10	63090000	63140000	0.55990878271158	1
chr10	63110000	63130000	0.998099093783664	1
chr10	63115000	63135000	0.998126386960075	1
chr10	63120000	63140000	0.99755761783125	1
chr10	63125000	63145000	0.998435907625911	1
chr10	63170000	63200000	0.793600854386656	1
chr10	63210000	63230000	0.998079165337059	1
chr10	63350000	63370000	0.997735595019874	1
chr10	63390000	63410000	0.99819075944483	1
chr10	63395000	63415000	0.998249033339325	1
chr10	63505000	63580000	0.301842455135551	1
chr10	63510000	63625000	0.238203842590148	1
chr10	63530000	63560000	0.800043464092543	1
chr10	63545000	63565000	0.997880022610844	1
chr10	63550000	63570000	0.997842704974395	1
chr10	63605000	63625000	0.997072197851451	1
chr10	63650000	63805000	0.200874532866716	1
chr10	63650000	63810000	0.164753414024942	1
chr10	63655000	63700000	0.573274954579473	1
chr10	63655000	63720000	0.315526143931926	1
chr10	63655000	63730000	0.304137381308351	1
chr10	63655000	63740000	0.312187800133526	1
chr10	63655000	63745000	0.564683843198124	1
chr10	63655000	63750000	0.409847468336133	1
chr10	63655000	63755000	0.315093147563523	1
chr10	63655000	63760000	0.410424387384449	1
chr10	63655000	63765000	0.239366741562363	1
chr10	63655000	63770000	0.248678115381198	1
chr10	63655000	63775000	0.242762005831681	1
chr10	63655000	63780000	0.40593453219298	1
chr10	63655000	63785000	0.308029259369546	1
chr10	63655000	63790000	0.195231722423412	1
chr10	63655000	63795000	0.311356491994835	1
chr10	63655000	63800000	0.315777602093329	1
chr10	63655000	63805000	0.406411494886363	1
chr10	63655000	63810000	0.242645815575046	1
chr10	63660000	63680000	0.99795319549942	1
chr10	63660000	63685000	0.998356168387936	1
chr10	63660000	63690000	0.801183240121598	1
chr10	63660000	63695000	0.802092730027926	1
chr10	63660000	63700000	0.99999999999983	1
chr10	63660000	63705000	0.573444950091862	1
chr10	63660000	63710000	0.567326528841742	1
chr10	63660000	63715000	0.795486234952969	1
chr10	63660000	63720000	0.806064611813886	1
chr10	63660000	63725000	0.797094364510579	1
chr10	63660000	63730000	0.415539173248167	1
chr10	63660000	63735000	0.567329488243188	1
chr10	63660000	63740000	0.564560260535643	1
chr10	63660000	63745000	0.574157245593916	1
chr10	63660000	63750000	0.799733336809504	1
chr10	63660000	63755000	0.7995163383825	1
chr10	63660000	63760000	0.570220399656044	1
chr10	63660000	63765000	0.311306979111197	1
chr10	63660000	63770000	0.407071506280095	1
chr10	63660000	63775000	0.563260766097156	1
chr10	63660000	63780000	0.308190062653253	1
chr10	63660000	63785000	0.307160369244916	1
chr10	63660000	63790000	0.242387732461752	1
chr10	63660000	63795000	0.241112768721156	1
chr10	63660000	63800000	0.31213877042877	1
chr10	63660000	63805000	0.4159552622813	1
chr10	63660000	63810000	0.309766735740612	1
chr10	63660000	63815000	0.196769479234071	1
chr10	63665000	63685000	0.99999999999983	1
chr10	63665000	63690000	0.998951512194007	1
chr10	63665000	63695000	0.99999999999983	1
chr10	63665000	63700000	0.998338237169652	1
chr10	63665000	63705000	0.798563488453189	1
chr10	63665000	63710000	0.799869422682942	1
chr10	63665000	63715000	0.567359687778466	1
chr10	63665000	63720000	0.569305154283583	1
chr10	63665000	63725000	0.403899906925769	1
chr10	63665000	63730000	0.560226711799672	1
chr10	63665000	63735000	0.409416140943255	1
chr10	63665000	63740000	0.305352441207205	1
chr10	63665000	63745000	0.567473635716613	1
chr10	63665000	63750000	0.56036423570498	1
chr10	63665000	63755000	0.418192703220837	1
chr10	63665000	63760000	0.306715156032327	1
chr10	63665000	63765000	0.243960713977501	1
chr10	63665000	63770000	0.24339297824901	1
chr10	63665000	63780000	0.407588749822204	1
chr10	63665000	63785000	0.198095515635071	1
chr10	63665000	63790000	0.197230695295009	1
chr10	63665000	63805000	0.198211159541438	1
chr10	63665000	63815000	0.196275509761208	1
chr10	63670000	63690000	0.99999999999983	1
chr10	63670000	63695000	0.998704925299427	1
chr10	63670000	63700000	0.805855250803162	1
chr10	63670000	63705000	0.998005746423071	1
chr10	63670000	63710000	0.794832033652425	1
chr10	63670000	63720000	0.558908828578333	1
chr10	63670000	63735000	0.411714361305587	1
chr10	63675000	63695000	0.99999999999983	1
chr10	63675000	63700000	0.998169641529027	1
chr10	63675000	63725000	0.412067396650367	1
chr10	63680000	63700000	0.998253435090251	1
chr10	63685000	63710000	0.998123891381292	1
chr10	63690000	63755000	0.313441103655027	1
chr10	63695000	63715000	0.998449595794474	1
chr10	63695000	63720000	0.998139982799451	1
chr10	63695000	63735000	0.795785766239195	1
chr10	63695000	63745000	0.416590515265789	1
chr10	63695000	63760000	0.401736919321769	1
chr10	63695000	63775000	0.251791513408737	1
chr10	63700000	63720000	0.99999999999983	1
chr10	63700000	63725000	0.998473822055653	1
chr10	63700000	63730000	0.799127973292106	1
chr10	63700000	63735000	0.80338167989104	1
chr10	63700000	63740000	0.997871605280675	1
chr10	63700000	63745000	0.80141625218474	1
chr10	63700000	63750000	0.567788025505628	1
chr10	63700000	63755000	0.79904100256362	1
chr10	63700000	63760000	0.565109795540571	1
chr10	63700000	63775000	0.408586316815945	1
chr10	63700000	63780000	0.407129071757314	1
chr10	63700000	63795000	0.245652146557927	1
chr10	63705000	63725000	0.998853326881744	1
chr10	63705000	63730000	0.998396090312473	1
chr10	63705000	63735000	0.806725265813933	1
chr10	63705000	63740000	0.797788125745564	1
chr10	63705000	63745000	0.801194391855083	1
chr10	63705000	63750000	0.796671293614879	1
chr10	63705000	63755000	0.795589375184266	1
chr10	63710000	63730000	0.998699045673011	1
chr10	63710000	63735000	0.998528771350265	1
chr10	63710000	63740000	0.801352272529406	1
chr10	63710000	63745000	0.801455006113278	1
chr10	63710000	63755000	0.57176810599069	1
chr10	63710000	63760000	0.40587668102876	1
chr10	63715000	63735000	0.998642597583845	1
chr10	63715000	63745000	0.998038626685473	1
chr10	63715000	63755000	0.570449088179695	1
chr10	63715000	63760000	0.561513019671232	1
chr10	63720000	63740000	0.99999999999983	1
chr10	63720000	63745000	0.998106195788791	1
chr10	63720000	63750000	0.998071602970379	1
chr10	63720000	63755000	0.804277277570241	1
chr10	63720000	63760000	0.565606420529043	1
chr10	63720000	63805000	0.311539140092657	1
chr10	63725000	63745000	0.99999999999983	1
chr10	63725000	63750000	0.998073890680245	1
chr10	63725000	63755000	0.799655875653869	1
chr10	63725000	63770000	0.561134728863919	1
chr10	63725000	63775000	0.412403846626994	1
chr10	63730000	63755000	0.998161224010836	1
chr10	63730000	63760000	0.798459724584527	1
chr10	63735000	63755000	0.998661906407251	1
chr10	63735000	63775000	0.561408878493579	1
chr10	63735000	63780000	0.567795780403067	1
chr10	63740000	63760000	0.998196857663657	1
chr10	63740000	63780000	0.55682657845846	1
chr10	63745000	63775000	0.997918523952116	1
chr10	63745000	63795000	0.40872959284892	1
chr10	63745000	63805000	0.410797179686716	1
chr10	63750000	63775000	0.99798008391564	1
chr10	63750000	63780000	0.797627763354653	1
chr10	63750000	63800000	0.411446843731659	1
chr10	63755000	63775000	0.99999999999983	1
chr10	63755000	63780000	0.998221752503769	1
chr10	63755000	63800000	0.568102613065141	1
chr10	63755000	63805000	0.561229612710383	1
chr10	63760000	63780000	0.999094801478474	1
chr10	63760000	63790000	0.80373524157065	1
chr10	63760000	63800000	0.562214648333849	1
chr10	63760000	63805000	0.795160375415055	1
chr10	63760000	63810000	0.559546738231461	1
chr10	63765000	63785000	0.998037563408178	1
chr10	63765000	63790000	0.9980395889885	1
chr10	63765000	63795000	0.797627383232618	1
chr10	63765000	63800000	0.796458951273235	1
chr10	63765000	63805000	0.560422531800793	1
chr10	63770000	63790000	0.998354178914718	1
chr10	63775000	63795000	0.998497129576344	1
chr10	63775000	63805000	0.799492468100318	1
chr10	63780000	63800000	0.998726383957204	1
chr10	63110000	63165000	0.409219471931408	1
chr10	63670000	63725000	0.408248005786922	1
chr10	63690000	63745000	0.415427108068309	1
chr10	63705000	63760000	0.408828306075612	1
chr10	63745000	63800000	0.410121159415161	1
chr10	63755000	63810000	0.4152117979595	1
chr10	63095000	63160000	0.304395972001038	1
chr10	63700000	63765000	0.302049732876709	1
chr10	63705000	63770000	0.308028532174642	1
chr10	63710000	63775000	0.306256321564856	1
chr10	63745000	63810000	0.306917732687241	1
chr10	63510000	63580000	0.30847728124375	1
chr10	63515000	63585000	0.309065302261641	1
chr10	63670000	63740000	0.30958282959756	1
chr10	63690000	63760000	0.30443440202802	1
chr10	63740000	63810000	0.308452909205343	1
chr10	63510000	63595000	0.24428677825994	1
chr10	63670000	63755000	0.242323184927931	1
chr10	63675000	63760000	0.244583196423248	1
chr10	63695000	63780000	0.243676352938815	1
chr10	63680000	63770000	0.248005480673873	1
chr10	62575000	62725000	0.161560803748084	1
chr10	63650000	63800000	0.169002536148138	1
chr10	63260000	63295000	0.569161609239793	1
chr10	63715000	63750000	0.573228533802235	1
chr10	63745000	63780000	0.569420527634376	1
chr10	63655000	63735000	0.24818050962488	1
chr10	63670000	63760000	0.242762712236183	1
chr10	63695000	63785000	0.244310247430846	1
chr10	63665000	63775000	0.201227330505769	1
chr10	62755000	62790000	0.568355635077428	1
chr10	62895000	63040000	0.165918252123393	1
chr10	62980000	63005000	0.808008095725273	1
chr10	63445000	63470000	0.806077903987068	1
chr10	63775000	63800000	0.807002963515108	1
chr10	63695000	63730000	0.567510303243799	1
chr10	63725000	63760000	0.567085508468117	1
chr10	63740000	63775000	0.565894351238516	1
chr10	63750000	63785000	0.567591972277891	1
chr10	63760000	63795000	0.566787828526707	1
chr10	63510000	63590000	0.244468398326981	1
chr10	63670000	63750000	0.244361135658397	1
chr10	63650000	63790000	0.162842308290291	1
chr10	62690000	62715000	0.80144942256769	1
chr10	63170000	63195000	0.802954697519727	1
chr10	63510000	63535000	0.802283294750707	1
chr10	63690000	63715000	0.802863131731729	1
chr10	63715000	63740000	0.803304481311732	1
chr10	63735000	63760000	0.802550397279335	1
chr10	62965000	63000000	0.56385292468086	1
chr10	63675000	63710000	0.565396398921602	1
chr10	63730000	63765000	0.565268138138942	1
chr10	63665000	63795000	0.166917085411481	1
chr10	63175000	63200000	0.800389797929316	1
chr10	63760000	63785000	0.800481208199485	1
chr10	63070000	63095000	0.799975434107916	1
chr10	63745000	63770000	0.799944195161388	1
chr10	63695000	63805000	0.195052819642086	1
chr10	62635000	62660000	0.798774341985089	1
chr10	62730000	62755000	0.798732884189929	1
chr10	63550000	63575000	0.799744555242807	1
chr10	63740000	63765000	0.799480861344752	1
chr10	63780000	63805000	0.798371178253215	1
chr10	63680000	63740000	0.318074844924205	1
chr10	62640000	62665000	0.798189060188181	1
chr10	62825000	62850000	0.797698156924038	1
chr10	63100000	63125000	0.798151360151455	1
chr10	63245000	63270000	0.79825648967657	1
chr10	62610000	62635000	0.797109309313288	1
chr10	63105000	63130000	0.797466934761064	1
chr10	63655000	63715000	0.312601795042087	1
chr10	63270000	63295000	0.796706388816014	1
chr10	62735000	62760000	0.796356539113133	1
chr10	63710000	63770000	0.3121443786514	1
chr10	62715000	62740000	0.796175672908278	1
chr10	63715000	63775000	0.311052459368061	1
chr10	63770000	63795000	0.795748587808867	1
chr10	63080000	63140000	0.310110248315634	1
chr10	63720000	63780000	0.309357096659224	1
chr10	63055000	63080000	0.795411890237789	1
chr10	63085000	63110000	0.795232164221443	1
chr10	63155000	63180000	0.79533809053578	1
chr10	63735000	63795000	0.308064808061736	1
chr10	63380000	63405000	0.794447941885249	1
chr10	63565000	63590000	0.794702858715871	1
chr10	63695000	63755000	0.306030953379063	1
chr10	62930000	62975000	0.413840492533317	1
chr10	63695000	63740000	0.412727790772631	1
chr10	63730000	63805000	0.24553651136461	1
chr10	62775000	62925000	0.141751188696504	1
chr10	62900000	63045000	0.1429307660503	1
chr10	62580000	62725000	0.14273316093817	1
chr10	63670000	63715000	0.409379806348968	1
chr10	63730000	63775000	0.408877260216981	1
chr10	62950000	62995000	0.408005348791514	1
chr10	63700000	63800000	0.189865822515155	1
chr10	62580000	62720000	0.143592736340115	1
chr10	63685000	63730000	0.407267539200593	1
chr10	62795000	62840000	0.406422262198701	1
chr10	63500000	63595000	0.195265001154025	1
chr10	63505000	63595000	0.199603920047664	1
chr10	63650000	63785000	0.141581151311965	1
chr10	63120000	63260000	0.138272509357627	1
chr10	63690000	63780000	0.19840227386204	1
chr10	63700000	63810000	0.166050076427693	1
chr10	62900000	63035000	0.138736874683843	1
chr10	63650000	63760000	0.164954239714147	1
chr10	62585000	62715000	0.14240732660968	1
chr10	63090000	63145000	0.313856567674517	1
chr10	63675000	63745000	0.245406090213434	1
chr10	62625000	62970000	0.074017934998737	1
chr10	63685000	63740000	0.311885059871025	1
chr10	63680000	63750000	0.244892576572092	1
chr10	63680000	63765000	0.201353147294731	1
chr10	63690000	63775000	0.201339693762772	1
chr10	62885000	63035000	0.126489238825758	1
chr10	63700000	63770000	0.24429106678846	1
chr10	62645000	62700000	0.311391011399111	1
chr10	63750000	63805000	0.311240832883025	1
chr10	63670000	63775000	0.166442790615631	1
chr10	62595000	62725000	0.138625966744865	1
chr10	63695000	63750000	0.309924622352193	1
chr10	63735000	63805000	0.242512470379877	1
chr10	63530000	63600000	0.241493676451903	1
chr10	62665000	62720000	0.307939451560756	1
chr10	63375000	63430000	0.307604181004253	1
chr10	62575000	62705000	0.13698109381784	1
chr10	63685000	63770000	0.19773056408942	1
chr10	62890000	63045000	0.119806885068805	1
chr10	63045000	63130000	0.197451660234622	1
chr10	63720000	63775000	0.306631617513663	1
chr10	63725000	63795000	0.23927331412629	1
chr10	62640000	62710000	0.23923095900996	1
chr10	63710000	63765000	0.305690661215685	1
chr10	63540000	63625000	0.196206342121915	1
chr10	63120000	63220000	0.168791383870369	1
chr10	63675000	63730000	0.303442271417805	1
chr10	63650000	63755000	0.160499052631177	1
chr10	63640000	63790000	0.119515643696044	1
chr10	63510000	63635000	0.137768571067214	1
chr10	63665000	63810000	0.121679960967494	1
chr10	62650000	62730000	0.20414635602783	1
chr10	62890000	63035000	0.120894167304458	1
chr10	63670000	63770000	0.164422534293786	1
chr10	63705000	63805000	0.163717224968347	1
chr10	63670000	63805000	0.123799740637955	1
chr10	63710000	63790000	0.19780882651467	1
chr10	63515000	63595000	0.197678133625735	1
chr10	63055000	63120000	0.2442822467212	1
chr10	63740000	63805000	0.243848557468628	1
chr10	62960000	63210000	0.0767147513015782	1
chr10	63735000	63800000	0.242675513400722	1
chr10	62900000	63485000	0.0508319383391176	1
chr10	63670000	63765000	0.165775310535169	1
chr10	62575000	63045000	0.0534574244993293	1
chr10	62650000	62715000	0.241497415056714	1
chr10	63675000	63740000	0.241430232535574	1
chr10	62630000	62725000	0.164764017250741	1
chr10	63655000	63815000	0.104905552649399	1
chr10	62900000	63040000	0.117199655735771	1
chr10	63655000	63705000	0.321346431713628	1
chr10	63515000	63580000	0.240571638390659	1
chr10	62905000	63040000	0.1205813679975	1
chr10	62585000	62720000	0.120446261383857	1
chr10	62575000	62730000	0.107070870729542	1
chr10	63720000	63785000	0.239987040842205	1
chr10	62575000	62710000	0.120063067693152	1
chr10	63665000	63800000	0.119939678341561	1
chr10	63695000	63790000	0.163325731161475	1
chr10	62955000	63330000	0.058683618145484	1
chr10	63150000	63190000	0.415262637912501	1
chr10	63125000	63455000	0.0628037565043153	1
chr10	63510000	63575000	0.237698408641058	1
chr10	63690000	63805000	0.135259619992885	1
chr10	62985000	63270000	0.0681064806779828	1
chr10	63515000	63650000	0.117907465726032	1
chr10	63675000	63715000	0.412603514337853	1
chr10	62915000	63490000	0.0483445681903159	1
chr10	63510000	63600000	0.169418747518061	1
chr10	63725000	63800000	0.203388743918072	1
chr10	62630000	62740000	0.140248608022945	1
chr10	63270000	63310000	0.411477795872511	1
chr10	63685000	63775000	0.167618560894733	1
chr10	63705000	63815000	0.138977169888037	1
chr10	63700000	63790000	0.167393500534933	1
chr10	63670000	63800000	0.118891973172102	1
chr10	63650000	63780000	0.118883447646004	1
chr10	63650000	63775000	0.123434029579986	1
chr10	63690000	63730000	0.409324671296739	1
chr10	63715000	63790000	0.201299619240621	1
chr10	63675000	63780000	0.143939081800205	1
chr10	62590000	62720000	0.118590813426758	1
chr10	63530000	63580000	0.31354378937538	1
chr10	62700000	62740000	0.408675931525766	1
chr10	63655000	63695000	0.408649354426019	1
chr10	63720000	63770000	0.313107585021017	1
chr10	63645000	63800000	0.102152714120291	1
chr10	63700000	63805000	0.143316357630548	1
chr10	63515000	63555000	0.407979473455107	1
chr10	63745000	63785000	0.407870244136829	1
chr10	63100000	63140000	0.407847099472262	1
chr10	63680000	63755000	0.199855864678714	1
chr10	63645000	63780000	0.114325687396603	1
chr10	63690000	63810000	0.12676422429309	1
chr10	63115000	63155000	0.406896216786366	1
chr10	63315000	63355000	0.406627161086206	1
chr10	63645000	63810000	0.0955663843576504	1
chr10	62600000	63355000	0.0421564330652107	1
chr10	62900000	63365000	0.0493720241029263	1
chr10	63710000	63750000	0.405796113377935	1
