chr10	73980000	74000000	0.998832872298099	1
chr10	73980000	74005000	0.99804368986906	1
chr10	73980000	74010000	0.795489516681574	1
chr10	73980000	74015000	0.798571526707803	1
chr10	73980000	74020000	0.794570254736811	1
chr10	73980000	74030000	0.409903917520692	1
chr10	73980000	74075000	0.245766927107989	1
chr10	73980000	74080000	0.317662096392889	1
chr10	73980000	74085000	0.248005480673873	1
chr10	73980000	74090000	0.309849636155218	1
chr10	73980000	74095000	0.413468375199618	1
chr10	73980000	74100000	0.244942430509922	1
chr10	73985000	74005000	0.998661906407251	1
chr10	73985000	74015000	0.799632392334076	1
chr10	73985000	74050000	0.315777602093329	1
chr10	73985000	74080000	0.241322173062675	1
chr10	73985000	74085000	0.304048066567687	1
chr10	73985000	74090000	0.409238707521134	1
chr10	73985000	74095000	0.561337400676244	1
chr10	73985000	74100000	0.242635622735978	1
chr10	73990000	74090000	0.247773314290846	1
chr10	73990000	74095000	0.306256321564856	1
chr10	73995000	74075000	0.313935666402645	1
chr10	73995000	74085000	0.308748211793192	1
chr10	73995000	74090000	0.406122450121638	1
chr10	73995000	74095000	0.310524965143879	1
chr10	74000000	74020000	0.997730115812348	1
chr10	74000000	74030000	0.801596353911959	1
chr10	74000000	74050000	0.567456516757297	1
chr10	74000000	74075000	0.317156757971876	1
chr10	74000000	74080000	0.306287239263363	1
chr10	74000000	74085000	0.307554978523935	1
chr10	74000000	74090000	0.316535548974014	1
chr10	74000000	74095000	0.314323762909123	1
chr10	74005000	74025000	0.998633935899724	1
chr10	74005000	74030000	0.998397299668271	1
chr10	74005000	74035000	0.796622853432075	1
chr10	74005000	74045000	0.568067129020961	1
chr10	74005000	74050000	0.568630056932103	1
chr10	74005000	74055000	0.570378584442759	1
chr10	74005000	74080000	0.317134115037881	1
chr10	74005000	74085000	0.3171753558595	1
chr10	74005000	74090000	0.413543955909264	1
chr10	74005000	74095000	0.414417275473186	1
chr10	74005000	74100000	0.24339297824901	1
chr10	74010000	74030000	0.99999999999983	1
chr10	74010000	74035000	0.998134467708712	1
chr10	74010000	74040000	0.80013751939199	1
chr10	74010000	74050000	0.573750292565385	1
chr10	74010000	74055000	0.796175672908278	1
chr10	74010000	74060000	0.411486492683187	1
chr10	74010000	74075000	0.40593453219298	1
chr10	74010000	74080000	0.418929111538048	1
chr10	74010000	74085000	0.563546770219857	1
chr10	74010000	74090000	0.408187102739925	1
chr10	74010000	74095000	0.415427108068309	1
chr10	74015000	74035000	0.998371833872772	1
chr10	74015000	74045000	0.802275857520058	1
chr10	74015000	74050000	0.80757343892994	1
chr10	74015000	74055000	0.80144942256769	1
chr10	74015000	74075000	0.412175560562042	1
chr10	74015000	74080000	0.570220399656044	1
chr10	74015000	74085000	0.406591470007324	1
chr10	74015000	74090000	0.576817890788781	1
chr10	74015000	74095000	0.567643830323531	1
chr10	74020000	74040000	0.998418253600308	1
chr10	74020000	74045000	0.998492427843995	1
chr10	74020000	74050000	0.998361050720737	1
chr10	74020000	74055000	0.998110280401926	1
chr10	74020000	74060000	0.566844326272573	1
chr10	74020000	74070000	0.407979473455107	1
chr10	74020000	74075000	0.565663152082601	1
chr10	74020000	74080000	0.57078235165551	1
chr10	74020000	74085000	0.566375727143432	1
chr10	74020000	74090000	0.571678367488456	1
chr10	74020000	74095000	0.564883402397263	1
chr10	74025000	74045000	0.998656026344596	1
chr10	74025000	74050000	0.99826540849339	1
chr10	74025000	74055000	0.801424084714102	1
chr10	74025000	74075000	0.410097688799726	1
chr10	74025000	74085000	0.415105104852286	1
chr10	74025000	74090000	0.41390533306907	1
chr10	74025000	74095000	0.41212838997402	1
chr10	74030000	74050000	0.99999999999983	1
chr10	74030000	74055000	0.998305142252371	1
chr10	74030000	74075000	0.563495887798368	1
chr10	74030000	74080000	0.566523178904211	1
chr10	74030000	74085000	0.794832033652425	1
chr10	74030000	74090000	0.565268138138942	1
chr10	74030000	74095000	0.568023985620251	1
chr10	74035000	74055000	0.99999999999983	1
chr10	74035000	74060000	0.998089351818738	1
chr10	74035000	74075000	0.799461261246904	1
chr10	74035000	74080000	0.564855936094765	1
chr10	74035000	74085000	0.795486234952969	1
chr10	74035000	74090000	0.800528815544018	1
chr10	74035000	74095000	0.570477276039809	1
chr10	74040000	74075000	0.796622359709312	1
chr10	74040000	74080000	0.796530425254918	1
chr10	74040000	74085000	0.576080036964709	1
chr10	74040000	74090000	0.572272051785449	1
chr10	74040000	74095000	0.79736498226494	1
chr10	74045000	74075000	0.800154364968364	1
chr10	74045000	74080000	0.799744555242807	1
chr10	74045000	74085000	0.796706388816014	1
chr10	74045000	74090000	0.795700326884231	1
chr10	74045000	74095000	0.563706037552251	1
chr10	74050000	74080000	0.801500033477521	1
chr10	74050000	74085000	0.80499729492486	1
chr10	74050000	74090000	0.804798159698842	1
chr10	74050000	74095000	0.570117267584452	1
chr10	74055000	74075000	0.99999999999983	1
chr10	74055000	74080000	0.99999999999983	1
chr10	74055000	74085000	0.99839987133048	1
chr10	74055000	74090000	0.998748368034676	1
chr10	74055000	74095000	0.799945270599387	1
chr10	74060000	74080000	0.998856981172166	1
chr10	74060000	74085000	0.998735208572337	1
chr10	74060000	74090000	0.998196857663657	1
chr10	74065000	74085000	0.99858330313624	1
chr10	74065000	74090000	0.99827256306595	1
chr10	74070000	74090000	0.998396090312473	1
chr10	74115000	74585000	0.135259619992885	1
chr10	74115000	74590000	0.247534937733639	1
chr10	74115000	74595000	0.166357719825889	1
chr10	74115000	74600000	0.0924645829441604	1
chr10	74115000	74630000	0.122138020358059	1
chr10	74115000	74635000	0.103454589511637	1
chr10	74120000	74580000	0.142104645974029	1
chr10	74120000	74585000	0.198975618096575	1
chr10	74120000	74590000	0.413355438924365	1
chr10	74120000	74595000	0.246950039761808	1
chr10	74120000	74600000	0.197052597299489	1
chr10	74120000	74605000	0.14430599129804	1
chr10	74120000	74610000	0.140655556972809	1
chr10	74120000	74620000	0.163281284638083	1
chr10	74120000	74625000	0.142018421270071	1
chr10	74120000	74630000	0.248487536040937	1
chr10	74120000	74635000	0.145109004303728	1
chr10	74120000	74640000	0.0853111482790536	1
chr10	74125000	74580000	0.103060559133575	1
chr10	74125000	74585000	0.243346950792549	1
chr10	74125000	74590000	0.406411494886363	1
chr10	74125000	74595000	0.169418747518061	1
chr10	74125000	74600000	0.0968970214711811	1
chr10	74125000	74605000	0.136539482495601	1
chr10	74125000	74615000	0.116281165162947	1
chr10	74125000	74625000	0.122706399221958	1
chr10	74125000	74630000	0.194546518332883	1
chr10	74125000	74635000	0.0923466338565018	1
chr10	74125000	74640000	0.117407098339921	1
chr10	74130000	74580000	0.109820953976507	1
chr10	74130000	74585000	0.146985519067046	1
chr10	74130000	74590000	0.197664715160297	1
chr10	74130000	74595000	0.10449202944499	1
chr10	74130000	74600000	0.0947514871075357	1
chr10	74130000	74610000	0.107821324268076	1
chr10	74130000	74615000	0.117480718632726	1
chr10	74130000	74630000	0.166908563479269	1
chr10	74130000	74635000	0.104072036588256	1
chr10	74135000	74575000	0.123440134234725	1
chr10	74135000	74585000	0.0943837460729104	1
chr10	74135000	74590000	0.122136929993981	1
chr10	74135000	74595000	0.107110036294003	1
chr10	74135000	74610000	0.107289102736929	1
chr10	74135000	74620000	0.107434109112645	1
chr10	74135000	74635000	0.0993609512728617	1
chr10	74140000	74590000	0.120819572944062	1
chr10	74140000	74600000	0.102554559734226	1
chr10	74140000	74610000	0.103065426436176	1
chr10	74140000	74635000	0.0950918731468718	1
chr10	74155000	74615000	0.105155139350125	1
chr10	74265000	74285000	0.998126386960075	1
chr10	74460000	74480000	0.997964707959266	1
chr10	74465000	74485000	0.997693838876608	1
chr10	74530000	74550000	0.998284465168612	1
chr10	74720000	74740000	0.997072197851451	1
chr10	74760000	74780000	0.99795319549942	1
chr10	74770000	74790000	0.997890048221014	1
chr10	74770000	74820000	0.414990974411105	1
chr10	74775000	74795000	0.998106195788791	1
chr10	74775000	74805000	0.802493431600368	1
chr10	74780000	74800000	0.99869291183064	1
chr10	74780000	74810000	0.799224070389148	1
chr10	74780000	74820000	0.569502747859083	1
chr10	74785000	74825000	0.562626717444175	1
chr10	74790000	74810000	0.998073890680245	1
chr10	74795000	74815000	0.998245263369484	1
chr10	74795000	74825000	0.800549894988517	1
chr10	74800000	74820000	0.998376786367523	1
chr10	74800000	74830000	0.799355719030163	1
chr10	74805000	74825000	0.998040974841874	1
chr10	74805000	74910000	0.238416191127549	1
chr10	74815000	74835000	0.998502790413295	1
chr10	74820000	74840000	0.998201031372494	1
chr10	74820000	74920000	0.245566839045758	1
chr10	74825000	74850000	0.998005746423071	1
chr10	74830000	74850000	0.99866157351376	1
chr10	74830000	74905000	0.318074844924205	1
chr10	74835000	74855000	0.998334495027104	1
chr10	74840000	74915000	0.400969449354312	1
chr10	74845000	74920000	0.306648203647824	1
chr10	74850000	74900000	0.407888016538409	1
chr10	74850000	74915000	0.561408878493579	1
chr10	74850000	74925000	0.307268733204896	1
chr10	74855000	74875000	0.99999999999983	1
chr10	74855000	74885000	0.792921899984818	1
chr10	74855000	74905000	0.56293195699558	1
chr10	74855000	74910000	0.573365103191512	1
chr10	74855000	74915000	0.799480861344752	1
chr10	74855000	74920000	0.570793766500472	1
chr10	74855000	74925000	0.406422262198701	1
chr10	74860000	74880000	0.998450418015853	1
chr10	74860000	74895000	0.797782231417145	1
chr10	74860000	74900000	0.564882467856627	1
chr10	74860000	74910000	0.413769993617841	1
chr10	74865000	74910000	0.570646820936284	1
chr10	74865000	74915000	0.406217592326537	1
chr10	74870000	74890000	0.998330183931613	1
chr10	74870000	74900000	0.80020740525447	1
chr10	74870000	74910000	0.572506451749501	1
chr10	74870000	74915000	0.56404108914116	1
chr10	74870000	74920000	0.401782065658432	1
chr10	74875000	74895000	0.998737865000052	1
chr10	74875000	74905000	0.805502626487309	1
chr10	74875000	74920000	0.566824834143188	1
chr10	74880000	74900000	0.998654604778352	1
chr10	74880000	74905000	0.998318147304262	1
chr10	74880000	74910000	0.997766403630964	1
chr10	74885000	74905000	0.998906084535475	1
chr10	74885000	74915000	0.798418781327108	1
chr10	74895000	74915000	0.998071602970379	1
chr10	74900000	74920000	0.998221752503769	1
chr10	74875000	74910000	0.573494283478545	1
chr10	73985000	74040000	0.403981348259232	1
chr10	73995000	74050000	0.411714361305587	1
chr10	74000000	74055000	0.411458291788051	1
chr10	74015000	74070000	0.412098534634588	1
chr10	74025000	74080000	0.415469621166727	1
chr10	74770000	74825000	0.407870244136829	1
chr10	74860000	74915000	0.412742680618779	1
chr10	74865000	74920000	0.41720706512854	1
chr10	73980000	74045000	0.312509454817865	1
chr10	74035000	74100000	0.30443440202802	1
chr10	74830000	74895000	0.303442271417805	1
chr10	74845000	74910000	0.307439961131276	1
chr10	73980000	74050000	0.314949485029843	1
chr10	74005000	74075000	0.312726698324339	1
chr10	74015000	74100000	0.242752376227663	1
chr10	74130000	74570000	0.0951001917846863	1
chr10	74125000	74570000	0.0962154968047486	1
chr10	74135000	74580000	0.0950469291710296	1
chr10	74160000	74605000	0.0945626513162099	1
chr10	74140000	74595000	0.0931064636608297	1
chr10	73985000	74020000	0.570052895653608	1
chr10	74000000	74035000	0.571653436011528	1
chr10	74005000	74040000	0.569243688477365	1
chr10	74010000	74045000	0.57191757854427	1
chr10	74775000	74810000	0.570356344697694	1
chr10	74855000	74890000	0.57158575953572	1
chr10	73985000	74070000	0.240843491642397	1
chr10	74140000	74625000	0.0853784715509166	1
chr10	74115000	74640000	0.0803729869052537	1
chr10	73985000	74075000	0.240148505838039	1
chr10	74130000	74605000	0.0900170209504284	1
chr10	74870000	74905000	0.568615185337619	1
chr10	74115000	74615000	0.0799676532305886	1
chr10	74120000	74645000	0.0765724021721639	1
chr10	74805000	74830000	0.804492344724297	1
chr10	74835000	74915000	0.244051955718856	1
chr10	74125000	74575000	0.0858460095616533	1
chr10	74115000	74580000	0.0824219386206714	1
chr10	74140000	74605000	0.0824581471216137	1
chr10	74115000	74605000	0.0847742385635699	1
chr10	73985000	74010000	0.801652998355845	1
chr10	74050000	74075000	0.802342317443341	1
chr10	74775000	74800000	0.80282396174954	1
chr10	74780000	74805000	0.803304481311732	1
chr10	74785000	74810000	0.802550397279335	1
chr10	74790000	74815000	0.801480099930608	1
chr10	74800000	74825000	0.803490708441545	1
chr10	74855000	74880000	0.801712985770928	1
chr10	74860000	74885000	0.801890386478155	1
chr10	74870000	74895000	0.80332487271517	1
chr10	74875000	74900000	0.802817423326954	1
chr10	74890000	74915000	0.80338167989104	1
chr10	74765000	74800000	0.563859708128392	1
chr10	74880000	74915000	0.564560260535643	1
chr10	74020000	74100000	0.240697439478608	1
chr10	73995000	74020000	0.800880025003416	1
chr10	74840000	74865000	0.800607829591021	1
chr10	74770000	74795000	0.800227191545072	1
chr10	74780000	74815000	0.562410682776356	1
chr10	74130000	74620000	0.0831336275895157	1
chr10	74135000	74625000	0.083011309612887	1
chr10	74810000	74915000	0.198204751953052	1
chr10	74015000	74040000	0.799253660748957	1
chr10	74250000	74275000	0.798766852678389	1
chr10	74505000	74530000	0.798371578792862	1
chr10	74850000	74875000	0.798903337884659	1
chr10	74795000	74900000	0.196862040226331	1
chr10	74140000	74645000	0.0747780334193039	1
chr10	74045000	74070000	0.798189060188181	1
chr10	74865000	74900000	0.56036423570498	1
chr10	74815000	74920000	0.194840400319425	1
chr10	74040000	74065000	0.797627763354653	1
chr10	74265000	74290000	0.797646158072765	1
chr10	74765000	74790000	0.797466934761064	1
chr10	74060000	74095000	0.55851657331427	1
chr10	74115000	74650000	0.0799965644908197	1
chr10	74510000	74535000	0.796970659757791	1
chr10	74795000	74820000	0.796960700847874	1
chr10	74115000	74625000	0.0751144322194989	1
chr10	74005000	74065000	0.311617765101094	1
chr10	74845000	74905000	0.31213877042877	1
chr10	74855000	74900000	0.419423862965918	1
chr10	74515000	74540000	0.795785766239195	1
chr10	74525000	74550000	0.795748587808867	1
chr10	74860000	74905000	0.418075238671144	1
chr10	74010000	74070000	0.309202080783824	1
chr10	74000000	74025000	0.795160375415055	1
chr10	74280000	74305000	0.795589375184266	1
chr10	74495000	74520000	0.79533809053578	1
chr10	74755000	74780000	0.795411890237789	1
chr10	74895000	74920000	0.795232164221443	1
chr10	74125000	74620000	0.0747416616036679	1
chr10	73980000	74055000	0.250519210502555	1
chr10	73980000	74105000	0.164440453764283	1
chr10	74040000	74100000	0.306219818564415	1
chr10	74165000	74565000	0.0834917239564976	1
chr10	74145000	74620000	0.073980702996141	1
chr10	74130000	74625000	0.072986805271923	1
chr10	74820000	74915000	0.201809044374078	1
chr10	74130000	74645000	0.0697271142341687	1
chr10	73985000	74105000	0.166928768207218	1
chr10	74000000	74045000	0.411477795872511	1
chr10	74145000	74615000	0.0731280255291364	1
chr10	73985000	74030000	0.40924782663954	1
chr10	74140000	74585000	0.0745392388877961	1
chr10	73990000	74085000	0.198780099924591	1
chr10	74135000	74605000	0.0717539270853841	1
chr10	74120000	74570000	0.0751054545674299	1
chr10	74115000	74645000	0.0687053856446606	1
chr10	74155000	74605000	0.0741589615768161	1
chr10	74015000	74060000	0.406552257751746	1
chr10	74020000	74065000	0.406896216786366	1
chr10	74145000	74610000	0.0716194719386898	1
chr10	74180000	74595000	0.0755655670341047	1
chr10	74120000	74615000	0.0693622023402432	1
chr10	74770000	74815000	0.405315643762562	1
chr10	74140000	74570000	0.0751434244407958	1
chr10	74150000	74600000	0.0733139216896088	1
chr10	74135000	74570000	0.0737251359823512	1
chr10	74140000	74615000	0.0695859456764509	1
chr10	74820000	74895000	0.239206472526467	1
chr10	74135000	74615000	0.0688112008286015	1
chr10	74835000	74925000	0.202957426960514	1
chr10	74140000	74560000	0.0730019308699804	1
chr10	74145000	74595000	0.0716390692286163	1
chr10	74125000	74655000	0.0655796804394386	1
chr10	74145000	74625000	0.0675252988571499	1
chr10	74155000	74620000	0.0681256281309207	1
chr10	74010000	74100000	0.198492159098368	1
chr10	74135000	74650000	0.0652030187509128	1
chr10	74135000	74600000	0.0678649681123447	1
chr10	74115000	74610000	0.0660739094934334	1
chr10	74120000	74325000	0.104998251105471	1
chr10	74030000	74100000	0.251332939643198	1
chr10	74130000	74565000	0.0690616389646893	1
chr10	74150000	74635000	0.0651687291765404	1
chr10	74145000	74580000	0.0683850584554773	1
chr10	74130000	74575000	0.0671454985313996	1
chr10	74130000	74330000	0.104660103614957	1
chr10	74845000	74915000	0.246710111394337	1
chr10	74150000	74595000	0.0664473606215388	1
chr10	74150000	74625000	0.0634154897770133	1
chr10	74850000	74920000	0.24472007694001	1
chr10	74010000	74065000	0.311610320182542	1
chr10	74120000	74575000	0.0653466618153892	1
chr10	73995000	74100000	0.166917085411481	1
chr10	74135000	74630000	0.0622024785714317	1
chr10	74150000	74615000	0.0639694861128131	1
chr10	74835000	74920000	0.199809789638158	1
chr10	74840000	74910000	0.242762005831681	1
chr10	74125000	74325000	0.100675421562787	1
chr10	74870000	74925000	0.308493467678836	1
chr10	74115000	74620000	0.0605506632065744	1
chr10	74005000	74060000	0.308190062653253	1
chr10	74850000	74905000	0.307484599056764	1
chr10	73980000	74035000	0.307160369244916	1
chr10	73990000	74100000	0.157679439514573	1
chr10	74000000	74070000	0.239602395204743	1
chr10	74125000	74610000	0.0601707946232579	1
chr10	73985000	74055000	0.239366741562363	1
chr10	74765000	74820000	0.306030953379063	1
chr10	74130000	74660000	0.0582034834131161	1
chr10	74785000	74910000	0.140248608022945	1
chr10	74110000	74600000	0.059123517260101	1
chr10	74145000	74585000	0.0629292253844144	1
chr10	74840000	74925000	0.195258067289969	1
chr10	74160000	74600000	0.0628037565043153	1
chr10	74820000	74905000	0.194573558057007	1
chr10	74790000	74915000	0.138973174459471	1
chr10	74805000	74905000	0.166442790615631	1
chr10	74120000	74650000	0.0560018856417194	1
chr10	74145000	74650000	0.0565224816888273	1
chr10	74150000	74605000	0.0590801325554542	1
chr10	74110000	74595000	0.0567017386662173	1
chr10	74000000	74100000	0.163100957604478	1
chr10	74005000	74070000	0.248020180112991	1
chr10	74150000	74665000	0.0537413309326925	1
chr10	74130000	74655000	0.0534574244993293	1
chr10	74160000	74610000	0.0563375453037528	1
chr10	74110000	74590000	0.0547375727441149	1
chr10	74820000	74900000	0.19710841053293	1
chr10	74805000	74920000	0.140676498257265	1
chr10	74840000	74920000	0.196993703985414	1
chr10	74800000	74915000	0.140524312889265	1
chr10	74790000	74885000	0.166356420906771	1
chr10	73995000	74060000	0.242669072320009	1
chr10	74805000	74900000	0.165686576069331	1
chr10	74125000	74650000	0.0517249205107445	1
chr10	73990000	74055000	0.241107051071623	1
chr10	74165000	74615000	0.0546617252889454	1
chr10	74175000	74605000	0.056434239795363	1
chr10	74755000	74795000	0.417443086726252	1
chr10	74140000	74580000	0.0554182899387998	1
chr10	74310000	74610000	0.0671868059480815	1
chr10	74860000	74925000	0.240057340786969	1
chr10	74790000	74900000	0.142913034447384	1
chr10	74875000	74915000	0.41561192376591	1
chr10	73990000	74080000	0.17170915953823	1
chr10	74185000	74600000	0.0566843013989031	1
chr10	74120000	74450000	0.0629461885715345	1
chr10	74125000	74660000	0.0501328320655931	1
chr10	74155000	74575000	0.0558666999638943	1
chr10	74170000	74630000	0.0528915769930591	1
chr10	74775000	74825000	0.318675503289534	1
chr10	74810000	74905000	0.162185456496241	1
chr10	74825000	74915000	0.17060754960977	1
chr10	74770000	74810000	0.413825602446048	1
chr10	74850000	74890000	0.413840492533317	1
chr10	74855000	74895000	0.413756483800247	1
chr10	74135000	74665000	0.0493930324871256	1
chr10	74000000	74065000	0.236856348505179	1
chr10	74145000	74605000	0.0520778766027912	1
chr10	74135000	74685000	0.048542103684028	1
chr10	73985000	74025000	0.411446843731659	1
chr10	74765000	74805000	0.411402141454145	1
chr10	74775000	74815000	0.411315748056615	1
chr10	74155000	74630000	0.0504096129199969	1
chr10	74015000	74105000	0.168287087736927	1
chr10	74110000	74630000	0.0489625755055415	1
chr10	74865000	74905000	0.410381594998507	1
chr10	74810000	74920000	0.1391632743055	1
chr10	74880000	74920000	0.409923271830409	1
chr10	74115000	74575000	0.0510548467631508	1
chr10	74840000	74905000	0.234469218738802	1
chr10	74140000	74640000	0.0497782868036496	1
chr10	74390000	74430000	0.409324671296739	1
chr10	74795000	74845000	0.313412856566615	1
chr10	74025000	74100000	0.200743387377817	1
chr10	74140000	74575000	0.0523743209620429	1
chr10	74145000	74565000	0.0531332723790515	1
chr10	74800000	74890000	0.165775310535169	1
chr10	74000000	74040000	0.407283886276551	1
chr10	74760000	74920000	0.0987003638706643	1
chr10	74000000	74110000	0.1366622560766	1
chr10	74140000	74515000	0.0549540535838151	1
chr10	74155000	74635000	0.0488058453301617	1
chr10	74835000	74910000	0.198106053413813	1
chr10	74795000	74835000	0.405272989716721	1
chr10	74215000	74655000	0.0507190474671223	1
chr10	74875000	74925000	0.310055339196177	1
chr10	74820000	74910000	0.164019997525555	1
chr10	74780000	74830000	0.309428508008003	1
chr10	73995000	74045000	0.309282865426225	1
chr10	74000000	74105000	0.140571191993061	1
chr10	74105000	74590000	0.0482726238752655	1
chr10	74170000	74610000	0.0500774085286441	1
chr10	74830000	74880000	0.308640631388916	1
chr10	74330000	74370000	0.403338996405402	1
chr10	74395000	74445000	0.308176484789264	1
chr10	74210000	74505000	0.0618900886100908	1
chr10	74765000	74815000	0.308141828496171	1
chr10	74050000	74100000	0.308064808061736	1
chr10	73985000	74045000	0.249532697863423	1
chr10	74125000	74720000	0.0441651045873898	1
chr10	74830000	74915000	0.171522187993566	1
chr10	74175000	74610000	0.0497798180867563	1
chr10	74145000	74570000	0.0504153394445374	1
chr10	74300000	74600000	0.0606407211408996	1
chr10	74785000	74890000	0.1385136878293	1
chr10	74160000	74590000	0.0497559098195677	1
chr10	73985000	74035000	0.305352441207205	1
chr10	74295000	74500000	0.0776851454518906	1
chr10	74115000	74450000	0.0559017087430312	1
chr10	73990000	74040000	0.304415731173329	1
chr10	74120000	74330000	0.0756618286171804	1
chr10	74130000	74490000	0.0528226118299628	1
chr10	74115000	74465000	0.0536226681527411	1
chr10	74155000	74600000	0.0475468396051244	1
chr10	74125000	74645000	0.0442772289403224	1
chr10	74850000	74910000	0.245524682271723	1
chr10	74330000	74595000	0.0637972351797809	1
chr10	74125000	74455000	0.0557429486264931	1
chr10	74140000	74675000	0.0438816295003415	1
chr10	73980000	74040000	0.24531546895435	1
chr10	74140000	74550000	0.0500992864452409	1
chr10	74185000	74405000	0.072545271709024	1
chr10	74795000	74920000	0.115851152467651	1
chr10	74130000	74485000	0.0525433235343752	1
chr10	74825000	74910000	0.167829200199216	1
chr10	74185000	74575000	0.0501552962075737	1
chr10	74145000	74600000	0.0463452096693858	1
chr10	74160000	74620000	0.046103689646519	1
chr10	74245000	74640000	0.04987235589135	1
chr10	74170000	74575000	0.0493946269187734	1
chr10	74185000	74620000	0.0476621649346399	1
chr10	73990000	74110000	0.119544267480806	1
chr10	73995000	74080000	0.166668252256796	1
chr10	74135000	74410000	0.0615562556991273	1
chr10	74850000	74880000	0.574839271056829	1
chr10	74865000	74925000	0.242946377315402	1
chr10	74765000	74825000	0.242885934462633	1
chr10	74860000	74920000	0.242870698604019	1
chr10	74505000	74565000	0.242723278967429	1
chr10	74890000	74920000	0.574501085927884	1
chr10	74130000	74550000	0.047918372553538	1
chr10	74145000	74630000	0.0449500356252462	1
chr10	73990000	74050000	0.242342964394941	1
chr10	74115000	74570000	0.0456371917874009	1
chr10	74135000	74475000	0.0526169545385499	1
chr10	74150000	74675000	0.042799327274081	1
chr10	74495000	74555000	0.241833569340799	1
chr10	74180000	74575000	0.0489522466475462	1
chr10	74130000	74455000	0.0540363256921103	1
chr10	74760000	74790000	0.573228533802235	1
chr10	74460000	74575000	0.122512999701348	1
chr10	74810000	74840000	0.572811893113974	1
chr10	74145000	74635000	0.0439806389941324	1
chr10	74840000	74870000	0.5727260339475	1
chr10	73990000	74075000	0.164676703331249	1
chr10	74125000	74330000	0.0741461231191347	1
