chr1	234635000	234655000	0.997968388439773	1
chr1	234635000	234730000	0.311885059871025	1
chr1	234635000	234735000	0.418075238671144	1
chr1	234635000	234740000	0.411477795872511	1
chr1	234635000	235095000	0.108828125748415	1
chr1	234635000	235110000	0.107110036294003	1
chr1	234635000	235145000	0.112689772688124	1
chr1	234635000	235150000	0.0936425620271823	1
chr1	234635000	235240000	0.251791513408737	1
chr1	234635000	235245000	0.415842805420026	1
chr1	234635000	235250000	0.240843491642397	1
chr1	234635000	235255000	0.163602798825196	1
chr1	234635000	235260000	0.146985519067046	1
chr1	234635000	235265000	0.0937171842849109	1
chr1	234640000	234725000	0.408187102739925	1
chr1	234640000	234730000	0.251325662176202	1
chr1	234640000	235245000	0.106870819130842	1
chr1	234640000	235250000	0.0967868556103308	1
chr1	234640000	235255000	0.112677331852976	1
chr1	234640000	235260000	0.104777731060783	1
chr1	234645000	234715000	0.321453737385147	1
chr1	234655000	234730000	0.301848280156779	1
chr1	234660000	234700000	0.569471637925564	1
chr1	234660000	234725000	0.411538512139765	1
chr1	234665000	234705000	0.569420527634376	1
chr1	234670000	234700000	0.795232164221443	1
chr1	234675000	234695000	0.99827872513732	1
chr1	234675000	234700000	0.997698111854611	1
chr1	234680000	234700000	0.998033856961408	1
chr1	234680000	234710000	0.802863131731729	1
chr1	234680000	234725000	0.565268138138942	1
chr1	234680000	234730000	0.408080455307824	1
chr1	234685000	234725000	0.56293195699558	1
chr1	234690000	234710000	0.997929350015282	1
chr1	234700000	234720000	0.998041623538146	1
chr1	234730000	235240000	0.0900255400376692	1
chr1	234730000	235245000	0.199088449091714	1
chr1	234730000	235250000	0.122383411579037	1
chr1	234730000	235255000	0.0920689333960757	1
chr1	234735000	235100000	0.164897673656115	1
chr1	234735000	235105000	0.194573558057007	1
chr1	234735000	235110000	0.14122189422934	1
chr1	234735000	235115000	0.118056008336029	1
chr1	234735000	235140000	0.136748215469129	1
chr1	234735000	235145000	0.14312347959116	1
chr1	234735000	235150000	0.109374859360026	1
chr1	234735000	235240000	0.31155278611658	1
chr1	234735000	235245000	0.165543803766481	1
chr1	234735000	235250000	0.089865980547125	1
chr1	234740000	234855000	0.243261488988996	1
chr1	234740000	234865000	0.237381363871838	1
chr1	234740000	234905000	0.162842308290291	1
chr1	234740000	234975000	0.142090096365359	1
chr1	234740000	235095000	0.171505137722103	1
chr1	234740000	235100000	0.141488897155783	1
chr1	234740000	235105000	0.244850688972656	1
chr1	234740000	235110000	0.195420130917067	1
chr1	234740000	235115000	0.142110742858302	1
chr1	234740000	235140000	0.118518292082833	1
chr1	234740000	235145000	0.197815889120497	1
chr1	234740000	235150000	0.107679297548512	1
chr1	234740000	235240000	0.199806577131647	1
chr1	234740000	235245000	0.195265001154025	1
chr1	234740000	235250000	0.103926657938991	1
chr1	234745000	234830000	0.30958282959756	1
chr1	234745000	234860000	0.565659763226354	1
chr1	234745000	234865000	0.197052597299489	1
chr1	234745000	234900000	0.195475413180499	1
chr1	234745000	234905000	0.169403583265451	1
chr1	234745000	234975000	0.167349398446807	1
chr1	234745000	235010000	0.11845416662273	1
chr1	234745000	235060000	0.1391632743055	1
chr1	234745000	235105000	0.168287087736927	1
chr1	234745000	235110000	0.116664234001301	1
chr1	234745000	235115000	0.126489238825758	1
chr1	234745000	235145000	0.121157722464994	1
chr1	234745000	235240000	0.0980247089819306	1
chr1	234745000	235245000	0.135224549932042	1
chr1	234750000	234830000	0.311052459368061	1
chr1	234750000	234835000	0.248020180112991	1
chr1	234750000	234855000	0.244090146662176	1
chr1	234750000	234860000	0.240145940717852	1
chr1	234750000	234975000	0.16771902478001	1
chr1	234755000	234780000	0.997711007346293	1
chr1	234755000	234785000	0.796175672908278	1
chr1	234755000	234820000	0.315984749059551	1
chr1	234755000	234830000	0.311306979111197	1
chr1	234760000	234790000	0.797039591769217	1
chr1	234760000	234800000	0.56973395676513	1
chr1	234760000	234825000	0.316828707110876	1
chr1	234760000	234850000	0.250519210502555	1
chr1	234765000	234785000	0.998418253600308	1
chr1	234765000	234795000	0.796458951273235	1
chr1	234765000	234810000	0.561807206713778	1
chr1	234765000	234815000	0.405315643762562	1
chr1	234770000	234790000	0.998079165337059	1
chr1	234770000	234800000	0.799355719030163	1
chr1	234770000	234820000	0.411714361305587	1
chr1	234770000	234830000	0.41390533306907	1
chr1	234775000	234805000	0.801209201018395	1
chr1	234780000	234800000	0.998704925299427	1
chr1	234780000	234810000	0.797627383232618	1
chr1	234780000	234815000	0.795700326884231	1
chr1	234780000	234820000	0.567643830323531	1
chr1	234780000	234825000	0.567795780403067	1
chr1	234780000	234830000	0.407283886276551	1
chr1	234785000	234805000	0.998338875166511	1
chr1	234785000	234820000	0.799253660748957	1
chr1	234785000	234825000	0.566844326272573	1
chr1	234790000	234810000	0.998654604778352	1
chr1	234790000	234820000	0.796671293614879	1
chr1	234795000	234815000	0.997735595019874	1
chr1	234800000	234820000	0.998099093783664	1
chr1	234805000	234825000	0.998110493486496	1
chr1	234805000	234855000	0.409064727407668	1
chr1	234810000	234830000	0.998317331905524	1
chr1	234835000	234855000	0.99999999999983	1
chr1	234860000	234905000	0.563889054984906	1
chr1	234865000	234885000	0.998253435090251	1
chr1	234865000	234895000	0.801151646173355	1
chr1	234865000	234900000	0.797331159014423	1
chr1	234865000	234905000	0.570787010970432	1
chr1	234870000	234890000	0.998500263100086	1
chr1	234870000	234900000	0.798371578792862	1
chr1	234875000	234895000	0.998461782724474	1
chr1	234875000	234900000	0.998005746423071	1
chr1	234880000	234900000	0.998495873920871	1
chr1	234905000	234970000	0.409901962532653	1
chr1	234905000	234975000	0.411612553593203	1
chr1	234940000	234970000	0.797466934761064	1
chr1	234950000	234970000	0.998089351818738	1
chr1	234975000	235095000	0.241430232535574	1
chr1	234980000	235000000	0.998171919577444	1
chr1	234980000	235010000	0.800176358665426	1
chr1	234980000	235100000	0.202957426960514	1
chr1	234980000	235115000	0.195567153922657	1
chr1	234980000	235145000	0.161858757062549	1
chr1	234985000	235005000	0.998492427843995	1
chr1	234990000	235010000	0.997880022610844	1
chr1	235015000	235035000	0.997871605280675	1
chr1	235015000	235060000	0.572272051785449	1
chr1	235015000	235065000	0.40593453219298	1
chr1	235015000	235090000	0.302063019601895	1
chr1	235015000	235095000	0.30902532601232	1
chr1	235020000	235040000	0.998450418015853	1
chr1	235020000	235045000	0.998123891381292	1
chr1	235020000	235050000	0.807930202853272	1
chr1	235020000	235055000	0.800560892246373	1
chr1	235020000	235060000	0.564883402397263	1
chr1	235025000	235045000	0.998656026344596	1
chr1	235025000	235050000	0.998338237169652	1
chr1	235025000	235055000	0.803171974890081	1
chr1	235030000	235050000	0.998712462744689	1
chr1	235030000	235055000	0.998571080673063	1
chr1	235035000	235055000	0.998134467708712	1
chr1	235060000	235080000	0.998139982799451	1
chr1	235060000	235085000	0.9980395889885	1
chr1	235060000	235090000	0.797998205330437	1
chr1	235060000	235095000	0.79524275518032	1
chr1	235060000	235110000	0.412175560562042	1
chr1	235060000	235145000	0.307886638938575	1
chr1	235065000	235085000	0.998397299668271	1
chr1	235065000	235090000	0.998073890680245	1
chr1	235065000	235095000	0.800351908152377	1
chr1	235065000	235105000	0.55682657845846	1
chr1	235070000	235090000	0.99999999999983	1
chr1	235090000	235240000	0.307439961131276	1
chr1	235095000	235145000	0.414417275473186	1
chr1	235095000	235240000	0.309384012772282	1
chr1	235095000	235245000	0.30953021820625	1
chr1	235100000	235140000	0.567773541687503	1
chr1	235100000	235145000	0.799733336809504	1
chr1	235100000	235150000	0.410121159415161	1
chr1	235100000	235240000	0.3171753558595	1
chr1	235100000	235245000	0.243676352938815	1
chr1	235105000	235140000	0.799127973292106	1
chr1	235105000	235145000	0.800939056359742	1
chr1	235105000	235150000	0.570378584442759	1
chr1	235105000	235240000	0.318675503289534	1
chr1	235105000	235245000	0.410859607252597	1
chr1	235110000	235140000	0.998037563408178	1
chr1	235110000	235145000	0.998371833872772	1
chr1	235110000	235150000	0.794980069771461	1
chr1	235110000	235155000	0.562200786674241	1
chr1	235110000	235180000	0.405800252753617	1
chr1	235110000	235240000	0.555485003178442	1
chr1	235110000	235245000	0.41068799216557	1
chr1	235115000	235135000	0.998773415516171	1
chr1	235115000	235140000	0.99999999999983	1
chr1	235115000	235145000	0.99999999999983	1
chr1	235115000	235150000	0.798957350253693	1
chr1	235115000	235155000	0.566613397185004	1
chr1	235115000	235185000	0.408518408708801	1
chr1	235115000	235240000	0.795785766239195	1
chr1	235115000	235245000	0.4057967817806	1
chr1	235120000	235140000	0.99999999999983	1
chr1	235120000	235145000	0.998463579382474	1
chr1	235120000	235240000	0.411486492683187	1
chr1	235120000	235245000	0.303478275544104	1
chr1	235125000	235145000	0.998169641529027	1
chr1	235140000	235240000	0.565209007420448	1
chr1	235140000	235245000	0.310974519504503	1
chr1	235145000	235180000	0.802493431600368	1
chr1	235145000	235185000	0.574157245593916	1
chr1	235145000	235190000	0.567174478672211	1
chr1	235145000	235240000	0.803641227558665	1
chr1	235145000	235245000	0.410726433300655	1
chr1	235150000	235170000	0.99999999999983	1
chr1	235150000	235175000	0.998543226213576	1
chr1	235150000	235180000	0.998951512194007	1
chr1	235150000	235185000	0.80373524157065	1
chr1	235150000	235190000	0.794832033652425	1
chr1	235150000	235240000	0.797627763354653	1
chr1	235150000	235245000	0.562626717444175	1
chr1	235155000	235175000	0.99999999999983	1
chr1	235155000	235180000	0.99999999999983	1
chr1	235155000	235185000	0.801890386478155	1
chr1	235155000	235240000	0.571785744207808	1
chr1	235155000	235245000	0.305352441207205	1
chr1	235160000	235180000	0.99999999999983	1
chr1	235160000	235185000	0.998212992950403	1
chr1	235160000	235240000	0.410656895564464	1
chr1	235160000	235245000	0.299780840029298	1
chr1	235165000	235190000	0.997918523952116	1
chr1	235165000	235240000	0.309626825331495	1
chr1	235170000	235190000	0.99860998750556	1
chr1	235170000	235240000	0.411552838706583	1
chr1	235180000	235240000	0.570307668998174	1
chr1	235185000	235240000	0.570000322016299	1
chr1	235290000	235310000	0.998323365766697	1
chr1	235290000	235320000	0.997890048221014	1
chr1	235295000	235315000	0.998364153497661	1
chr1	235295000	235320000	0.998575650049494	1
chr1	235300000	235320000	0.998524298952033	1
chr1	235300000	235340000	0.567359687778466	1
chr1	235325000	235345000	0.997925086333926	1
chr1	235325000	235355000	0.796706388816014	1
chr1	235325000	235375000	0.560438478194774	1
chr1	235330000	235350000	0.998040974841874	1
chr1	235330000	235355000	0.997964707959266	1
chr1	235330000	235375000	0.569430482952667	1
chr1	235330000	235380000	0.408002037069541	1
chr1	235335000	235355000	0.998245263369484	1
chr1	235335000	235365000	0.798766852678389	1
chr1	235335000	235380000	0.567329488243188	1
chr1	235335000	235385000	0.406416786076578	1
chr1	235340000	235360000	0.998214974547793	1
chr1	235340000	235370000	0.796970659757791	1
chr1	235340000	235380000	0.795589375184266	1
chr1	235345000	235365000	0.998453034835026	1
chr1	235345000	235370000	0.998071602970379	1
chr1	235345000	235385000	0.560643040252364	1
chr1	235350000	235370000	0.998201031372494	1
chr1	235350000	235375000	0.997527490524233	1
chr1	235350000	235380000	0.80020740525447	1
chr1	235355000	235375000	0.998167102212906	1
chr1	235355000	235380000	0.998214012781756	1
chr1	235355000	235395000	0.566242041668934	1
chr1	235360000	235380000	0.998234034727511	1
chr1	235360000	235390000	0.803304481311732	1
chr1	235365000	235385000	0.997730115812348	1
chr1	235380000	235400000	0.998106195788791	1
chr1	235155000	235190000	0.574839271056829	1
chr1	235090000	235145000	0.410424387384449	1
chr1	235310000	235365000	0.407129071757314	1
chr1	235115000	235180000	0.309946973453461	1
chr1	235120000	235185000	0.307968125682057	1
chr1	235180000	235245000	0.309090566690803	1
chr1	234660000	234730000	0.315526143931926	1
chr1	234755000	234825000	0.308235677048282	1
chr1	235015000	235085000	0.30853861822798	1
chr1	234775000	234860000	0.242127161839033	1
chr1	234750000	234840000	0.247643990481834	1
chr1	235110000	235250000	0.166917085411481	1
chr1	234750000	234900000	0.164118748638655	1
chr1	235090000	235245000	0.162185456496241	1
chr1	234745000	234980000	0.128215944670132	1
chr1	234740000	235015000	0.131139302431973	1
chr1	234735000	235060000	0.120250815229285	1
chr1	234635000	235090000	0.0930638499554104	1
chr1	234650000	235240000	0.0923723868502351	1
chr1	234750000	234785000	0.569519954540804	1
chr1	234760000	234795000	0.571653436011528	1
chr1	234765000	234800000	0.570117267584452	1
chr1	234870000	234905000	0.570358100326838	1
chr1	234980000	235015000	0.570052895653608	1
chr1	235290000	235325000	0.57158575953572	1
chr1	235330000	235365000	0.57078235165551	1
chr1	235345000	235380000	0.570356344697694	1
chr1	235350000	235385000	0.569427507706512	1
chr1	235015000	235245000	0.120916808031915	1
chr1	234740000	234980000	0.120666574431165	1
chr1	234635000	235105000	0.0897044574569719	1
chr1	234635000	235115000	0.0931064636608297	1
chr1	234655000	235245000	0.0810320935116809	1
chr1	234645000	235240000	0.0911905870427868	1
chr1	234745000	234835000	0.238428525136593	1
chr1	235065000	235245000	0.138015689697462	1
chr1	234975000	235245000	0.11712947191123	1
chr1	234660000	234695000	0.568067129020961	1
chr1	235015000	235050000	0.567802686518376	1
chr1	235335000	235370000	0.568366589426951	1
chr1	234755000	234970000	0.123886930885261	1
chr1	234860000	235240000	0.0933312245682335	1
chr1	234760000	234785000	0.805502626487309	1
chr1	234775000	234800000	0.806064611813886	1
chr1	235325000	235350000	0.80556558287818	1
chr1	235360000	235385000	0.808302606609395	1
chr1	234790000	234825000	0.566274198317679	1
chr1	235280000	235315000	0.565663152082601	1
chr1	235355000	235390000	0.566375727143432	1
chr1	234980000	235060000	0.244724009519996	1
chr1	234745000	235015000	0.107434109112645	1
chr1	234780000	234805000	0.804198626881041	1
chr1	234870000	234895000	0.804331875247387	1
chr1	234985000	235010000	0.803950745627965	1
chr1	235340000	235365000	0.804837094875334	1
chr1	234745000	235140000	0.0934483555620315	1
chr1	234745000	234855000	0.19773056408942	1
chr1	235115000	235250000	0.165197134676001	1
chr1	234645000	234670000	0.801500033477521	1
chr1	234700000	234725000	0.802325291618609	1
chr1	234770000	234795000	0.801543112242614	1
chr1	234785000	234810000	0.801144469417607	1
chr1	234790000	234815000	0.801194391855083	1
chr1	234830000	234855000	0.802365358128493	1
chr1	234835000	234860000	0.802342317443341	1
chr1	234865000	234890000	0.801424084714102	1
chr1	235290000	235315000	0.801112689807622	1
chr1	235365000	235390000	0.802550397279335	1
chr1	234670000	234705000	0.563790506131821	1
chr1	234755000	234790000	0.564991002977197	1
chr1	234770000	234805000	0.564560260535643	1
chr1	235065000	235100000	0.565210476307848	1
chr1	235070000	235095000	0.800389797929316	1
chr1	234725000	235245000	0.0766834943754276	1
chr1	234675000	234710000	0.562801146082429	1
chr1	234745000	235090000	0.0948032680362194	1
chr1	234645000	235250000	0.076474366693354	1
chr1	234880000	234905000	0.799945270599387	1
chr1	235370000	235395000	0.800154364968364	1
chr1	234665000	234700000	0.562410682776356	1
chr1	234685000	234720000	0.5618973984761	1
chr1	235145000	235250000	0.198094298679613	1
chr1	234635000	234745000	0.195379541540799	1
chr1	234745000	235095000	0.091735532100762	1
chr1	234740000	235155000	0.0855373952015034	1
chr1	234660000	234685000	0.798509282072443	1
chr1	234685000	234710000	0.79960828963541	1
chr1	235265000	235290000	0.798866068731098	1
chr1	235300000	235325000	0.798418781327108	1
chr1	235375000	235400000	0.799224070389148	1
chr1	234795000	234830000	0.561821993564413	1
chr1	234660000	234720000	0.3164753547795	1
chr1	234745000	234850000	0.196775850809391	1
chr1	234635000	234975000	0.0949732935839371	1
chr1	234695000	234720000	0.798151360151455	1
chr1	234765000	234790000	0.798189060188181	1
chr1	234740000	235180000	0.0865138392421143	1
chr1	234975000	235105000	0.161560803748084	1
chr1	234750000	235240000	0.0817465252214792	1
chr1	234635000	234980000	0.0930716804615059	1
chr1	235010000	235045000	0.558908828578333	1
chr1	234755000	234860000	0.192439302549844	1
chr1	235360000	235395000	0.556198048408719	1
chr1	234800000	234825000	0.796622853432075	1
chr1	234635000	235100000	0.0797919929887385	1
chr1	234635000	235140000	0.0738393973832123	1
chr1	234795000	234820000	0.796356539113133	1
chr1	235270000	235295000	0.796406689472076	1
chr1	235095000	235155000	0.312187800133526	1
chr1	234640000	235240000	0.0724236717385648	1
chr1	234740000	235120000	0.0851605984567703	1
chr1	235325000	235370000	0.418446835377573	1
chr1	234755000	234815000	0.310524965143879	1
chr1	234725000	235240000	0.0734417975294937	1
chr1	235015000	235240000	0.108953482266631	1
chr1	235060000	235105000	0.417510696487849	1
chr1	234760000	234820000	0.308384865334629	1
chr1	234655000	234680000	0.79533809053578	1
chr1	234805000	234830000	0.795489516681574	1
chr1	234775000	234850000	0.251332939643198	1
chr1	234940000	234965000	0.794570254736811	1
chr1	235335000	235360000	0.794702858715871	1
chr1	234670000	234695000	0.7934861930461	1
chr1	235015000	235040000	0.793600854386656	1
chr1	234785000	234845000	0.307568046096328	1
chr1	235110000	235170000	0.306030953379063	1
chr1	235115000	235175000	0.306345195557762	1
chr1	235385000	235410000	0.792921899984818	1
chr1	234980000	235245000	0.0963867303554181	1
chr1	234640000	235265000	0.0682133976306832	1
chr1	234750000	234905000	0.139330598834247	1
chr1	234650000	235245000	0.0710084941604687	1
chr1	235340000	235385000	0.413790905588835	1
chr1	234745000	235100000	0.0828484546945804	1
chr1	234900000	234975000	0.24674296041701	1
chr1	234660000	234705000	0.41339182952551	1
chr1	234705000	234730000	0.790595155642834	1
chr1	235350000	235395000	0.413239513550195	1
chr1	234735000	235095000	0.0818528082210746	1
chr1	234760000	234805000	0.411896267816056	1
chr1	234635000	235015000	0.0813846779367848	1
chr1	234755000	235010000	0.0996240583601286	1
chr1	235065000	235110000	0.411446843731659	1
chr1	235040000	235085000	0.410577057041298	1
chr1	235105000	235180000	0.244051955718856	1
chr1	235065000	235240000	0.123417741211001	1
chr1	234640000	234715000	0.243420750126793	1
chr1	235120000	235180000	0.299343719551412	1
chr1	234735000	235010000	0.0943837460729104	1
chr1	234665000	234710000	0.409219471931408	1
chr1	235280000	235325000	0.409324671296739	1
chr1	234685000	234730000	0.40872959284892	1
chr1	235095000	235140000	0.408884022092563	1
chr1	235010000	235240000	0.102862227718229	1
chr1	235170000	235245000	0.242868424788914	1
chr1	234980000	235105000	0.159079517887513	1
chr1	234740000	235065000	0.0844974106049908	1
chr1	234980000	235250000	0.0930641306682159	1
chr1	234670000	234715000	0.406411494886363	1
chr1	234755000	234800000	0.406552257751746	1
chr1	234635000	234710000	0.240799752468671	1
chr1	234785000	234830000	0.40587668102876	1
chr1	234775000	234820000	0.405606168417696	1
chr1	234735000	235070000	0.0831249896034111	1
chr1	234745000	234820000	0.239294963748704	1
chr1	234720000	235250000	0.0679254479883954	1
chr1	234905000	234980000	0.23923095900996	1
chr1	234750000	234825000	0.238787233218098	1
chr1	234735000	235015000	0.0899090211545682	1
chr1	234860000	235245000	0.0758581360923549	1
chr1	234740000	235060000	0.0824719487842163	1
chr1	234770000	234815000	0.402065272074571	1
chr1	234645000	234735000	0.201339693762772	1
chr1	235025000	235070000	0.401736919321769	1
chr1	234745000	235135000	0.0763367009113761	1
chr1	234635000	235065000	0.0716683040961613	1
chr1	235080000	235240000	0.124465094475717	1
chr1	234650000	235250000	0.0626120733988097	1
chr1	234740000	234900000	0.124218367970846	1
chr1	234975000	235145000	0.118719106456256	1
chr1	234735000	235090000	0.0745072843414098	1
chr1	234740000	235255000	0.0639504807885416	1
chr1	235095000	235150000	0.315958271756767	1
chr1	234980000	235090000	0.164760108588672	1
chr1	234750000	234820000	0.248005480673873	1
chr1	234735000	235265000	0.0628118309440136	1
chr1	234975000	235140000	0.1178551367147	1
chr1	234735000	234980000	0.0895446942180275	1
chr1	235080000	235245000	0.117746303704075	1
chr1	234980000	235110000	0.14107635096312	1
chr1	234645000	235255000	0.0586231287710877	1
chr1	234740000	235080000	0.0751144322194989	1
chr1	234750000	235020000	0.084934356244214	1
chr1	235330000	235385000	0.313251208294917	1
chr1	234770000	234825000	0.312450142557861	1
chr1	234740000	234970000	0.0930698998178278	1
chr1	234740000	235090000	0.0722242880185192	1
chr1	234660000	234715000	0.311220014085825	1
chr1	234900000	234970000	0.243346950792549	1
chr1	235330000	235400000	0.24339297824901	1
chr1	234745000	235080000	0.0741461231191347	1
chr1	234740000	235085000	0.0730217249496199	1
chr1	234635000	235120000	0.0619940675085109	1
chr1	235120000	235190000	0.242512470379877	1
chr1	234745000	235065000	0.0755143758577387	1
chr1	235335000	235390000	0.308640631388916	1
chr1	234650000	234720000	0.241381731758343	1
chr1	234980000	235240000	0.0841001981055479	1
chr1	234765000	234820000	0.307268733204896	1
chr1	234975000	235240000	0.0830024258057267	1
chr1	234735000	235255000	0.0588411672051972	1
chr1	234715000	235055000	0.0715306129181321	1
chr1	234655000	234725000	0.240178135530217	1
chr1	234735000	234985000	0.0855500926174934	1
chr1	235350000	235405000	0.306648203647824	1
chr1	235125000	235245000	0.145511719473497	1
chr1	234645000	235245000	0.056434239795363	1
chr1	234735000	235260000	0.0589042326407392	1
chr1	234645000	234730000	0.196750042518088	1
chr1	234760000	234865000	0.162805892211211	1
chr1	235060000	235245000	0.103720340488047	1
chr1	234665000	234720000	0.30577163916045	1
chr1	234745000	235070000	0.072545271709024	1
chr1	234765000	234865000	0.168962107090138	1
chr1	234660000	235250000	0.0566300934945811	1
chr1	234735000	234975000	0.0854700680309527	1
chr1	234745000	234870000	0.138625966744865	1
chr1	234740000	234860000	0.142816550770183	1
chr1	234650000	235255000	0.0547801057970798	1
chr1	234745000	234825000	0.204281962233074	1
chr1	234635000	235060000	0.0623193430931385	1
chr1	234985000	235110000	0.136321349087129	1
chr1	234755000	234900000	0.120530120727141	1
chr1	234735000	235080000	0.0668388435409433	1
chr1	234735000	235155000	0.061361748817075	1
chr1	234735000	235085000	0.0662759646306628	1
chr1	234745000	234845000	0.164049846823331	1
chr1	234755000	234895000	0.123434029579986	1
chr1	235060000	235185000	0.135087982441914	1
chr1	235020000	235085000	0.248684418582059	1
chr1	235105000	235250000	0.119243461148234	1
chr1	234905000	235240000	0.0673065004765263	1
chr1	234655000	234720000	0.248487536040937	1
chr1	234900000	234965000	0.248465560022153	1
chr1	234635000	235175000	0.0546802505636098	1
chr1	234740000	235075000	0.0670195631470937	1
chr1	235075000	235240000	0.106868463190283	1
chr1	234635000	235155000	0.0543591142032063	1
chr1	234725000	235190000	0.0574122502591688	1
chr1	235010000	235245000	0.082683623882284	1
chr1	234730000	235110000	0.0623383225867355	1
chr1	234735000	235065000	0.0674876390441664	1
chr1	234655000	234735000	0.199672353482645	1
chr1	235100000	235180000	0.199529442846821	1
chr1	234650000	234715000	0.246248334021232	1
chr1	234975000	235180000	0.0899810760212221	1
chr1	234755000	234855000	0.160931744866427	1
chr1	234980000	235150000	0.102994151578104	1
chr1	234745000	235120000	0.0617139725429239	1
chr1	235125000	235240000	0.141916285862598	1
chr1	234860000	234975000	0.141590015789967	1
chr1	234865000	235145000	0.0731269883695618	1
chr1	235065000	235145000	0.19780882651467	1
chr1	235175000	235240000	0.244398542880559	1
chr1	234635000	235080000	0.0564924628426938	1
chr1	234750000	234950000	0.0903164621880898	1
chr1	234645000	234725000	0.196953323294163	1
chr1	234765000	234830000	0.243659667304991	1
chr1	234755000	235030000	0.0733640435453381	1
chr1	235015000	235080000	0.243241903012901	1
chr1	235015000	235110000	0.16621168292237	1
chr1	235335000	235400000	0.242723278967429	1
chr1	234640000	234735000	0.165837579757853	1
chr1	234745000	235150000	0.0584781139626677	1
chr1	234760000	234855000	0.165544331381442	1
chr1	235165000	235245000	0.195374031798455	1
chr1	234720000	235245000	0.0517782860665037	1
chr1	234745000	235085000	0.0629070402650376	1
chr1	234645000	234710000	0.241497415056714	1
chr1	235105000	235185000	0.194546518332883	1
chr1	234975000	235090000	0.1385136878293	1
chr1	234725000	235250000	0.051228885369436	1
chr1	234775000	234855000	0.194168728022217	1
chr1	234750000	235145000	0.0582034834131161	1
chr1	234780000	234845000	0.240321169168432	1
chr1	234740000	235010000	0.0722872564694703	1
chr1	234865000	234980000	0.137777374151876	1
chr1	234750000	234970000	0.0821924061210025	1
chr1	234635000	235085000	0.0542082855571091	1
chr1	235300000	235365000	0.240057340786969	1
chr1	235015000	235055000	0.415539173248167	1
chr1	234740000	235160000	0.056135136824936	1
chr1	234635000	235270000	0.0471391796116341	1
chr1	234860000	234900000	0.414781806117937	1
chr1	235060000	235100000	0.414704051839678	1
chr1	235130000	235240000	0.141991036803262	1
chr1	234775000	234815000	0.414538779331748	1
chr1	234740000	235135000	0.0572300096642478	1
chr1	234770000	234810000	0.414401990143568	1
chr1	234755000	234795000	0.413825602446048	1
chr1	235350000	235390000	0.413769993617841	1
chr1	234715000	235240000	0.0499806148553175	1
chr1	234680000	234720000	0.413678637121642	1
chr1	234760000	234980000	0.0808207694525911	1
chr1	235105000	235155000	0.318074844924205	1
chr1	234675000	234715000	0.413543955909264	1
chr1	234640000	235145000	0.0505017140077558	1
chr1	235135000	235250000	0.135259619992885	1
chr1	234750000	235250000	0.0508319383391176	1
chr1	234975000	235110000	0.117695409259579	1
chr1	234755000	235040000	0.0678347794330846	1
chr1	234830000	235240000	0.0558666999638943	1
chr1	234765000	234805000	0.411675584478365	1
chr1	235015000	235105000	0.168974486355995	1
chr1	234975000	235015000	0.411458291788051	1
chr1	234760000	234810000	0.315717659411629	1
chr1	235330000	235370000	0.411280413121912	1
chr1	234860000	235015000	0.103738859241905	1
chr1	234855000	235240000	0.0559163627089196	1
chr1	234790000	234830000	0.410731331305225	1
chr1	235135000	235245000	0.13945725941624	1
chr1	234635000	234725000	0.168212201297444	1
chr1	234905000	235105000	0.0850302776332425	1
chr1	234905000	235145000	0.073980702996141	1
chr1	234900000	234950000	0.314334301939548	1
chr1	235280000	235320000	0.409746728486007	1
chr1	235090000	235140000	0.31411838017212	1
chr1	234865000	235015000	0.105955441762592	1
chr1	234905000	235015000	0.138736874683843	1
chr1	234770000	234845000	0.201383271443808	1
chr1	234755000	234975000	0.078715247303706	1
chr1	234755000	234980000	0.0771290815495868	1
chr1	234760000	234890000	0.118590813426758	1
chr1	235105000	235255000	0.105637977897186	1
chr1	235020000	235070000	0.313412856566615	1
chr1	234780000	234855000	0.200750167188803	1
chr1	234740000	235260000	0.0483197281055542	1
chr1	234750000	235105000	0.0571643865234367	1
chr1	235325000	235365000	0.408248005786922	1
chr1	234750000	234790000	0.408194640362996	1
chr1	234655000	234695000	0.407718010972547	1
chr1	234635000	235020000	0.0547375727441149	1
chr1	234750000	234960000	0.0797914396757424	1
chr1	234635000	235010000	0.0554182899387998	1
chr1	235110000	235160000	0.311965347784695	1
chr1	235330000	235405000	0.199610730438185	1
chr1	235090000	235250000	0.0987003638706643	1
chr1	234635000	235170000	0.0471347895235253	1
chr1	234860000	235090000	0.0748487746216693	1
chr1	234810000	234850000	0.40686236688033	1
chr1	234980000	235085000	0.14240732660968	1
chr1	235140000	235180000	0.406627161086206	1
chr1	234745000	235020000	0.0666288617963129	1
chr1	235015000	235145000	0.117118261329839	1
chr1	234640000	235110000	0.048787865227934	1
chr1	235340000	235390000	0.310767474707611	1
chr1	234720000	235240000	0.0471673869822049	1
chr1	234860000	235105000	0.0710674676452765	1
chr1	234775000	234825000	0.310529087917102	1
chr1	234655000	235250000	0.0451217518523772	1
chr1	234660000	234710000	0.310110248315634	1
chr1	234865000	234970000	0.141095165795412	1
chr1	235110000	235185000	0.197597133999503	1
chr1	234645000	235260000	0.0438323481082144	1
chr1	234735000	235135000	0.0531628216531248	1
chr1	234890000	234965000	0.197230695295009	1
chr1	234905000	235010000	0.140647703807491	1
chr1	235270000	235320000	0.309202080783824	1
chr1	235010000	235060000	0.308800821934878	1
chr1	235315000	235355000	0.403754797582448	1
chr1	234755000	234805000	0.30860745874059	1
chr1	235310000	235385000	0.196385285884273	1
chr1	234860000	235095000	0.0719006416841488	1
chr1	235345000	235395000	0.308141828496171	1
chr1	234875000	234980000	0.139764455581933	1
chr1	234670000	234730000	0.249532697863423	1
chr1	234905000	235100000	0.082231032883147	1
chr1	235055000	235240000	0.0850826985271	1
chr1	234750000	235110000	0.0540661522301924	1
chr1	234745000	235250000	0.0463415282864843	1
chr1	235285000	235325000	0.401782065658432	1
chr1	234860000	235110000	0.0680151194982025	1
chr1	234765000	234855000	0.161368566477305	1
chr1	235100000	235250000	0.100675421562787	1
chr1	234885000	234970000	0.170538785319034	1
chr1	235035000	235085000	0.305919874580646	1
chr1	234720000	235265000	0.0447044773995201	1
chr1	234750000	235005000	0.0665182880736815	1
chr1	234905000	234965000	0.247050915647528	1
chr1	234975000	235100000	0.117199655735771	1
chr1	234980000	235055000	0.193282973924787	1
chr1	235060000	235240000	0.0854748736673936	1
chr1	235350000	235400000	0.304048066567687	1
chr1	234665000	234725000	0.246094488791456	1
chr1	235185000	235245000	0.246049316071196	1
chr1	234750000	234850000	0.143092694797064	1
chr1	235015000	235075000	0.245524682271723	1
chr1	234765000	234825000	0.245282046422875	1
chr1	234720000	235260000	0.0439301357246763	1
chr1	234740000	235125000	0.0507693767068253	1
chr1	234740000	235005000	0.0636548338419838	1
chr1	234990000	235050000	0.244968574180748	1
chr1	234735000	235185000	0.0467846195136485	1
chr1	234655000	235240000	0.0424447780478222	1
chr1	235355000	235385000	0.576736824123325	1
chr1	234865000	235010000	0.101075940835292	1
chr1	235150000	235250000	0.142018421270071	1
chr1	234865000	235245000	0.0504333131034661	1
chr1	235295000	235345000	0.301842455135551	1
chr1	234735000	235130000	0.0499789944533535	1
chr1	235085000	235240000	0.0951001917846863	1
chr1	234745000	235180000	0.0475468396051244	1
chr1	235345000	235375000	0.575292059366857	1
chr1	234750000	235140000	0.0494718986335793	1
chr1	234735000	235120000	0.049767056071529	1
chr1	234985000	235015000	0.574501085927884	1
chr1	234755000	235060000	0.0569735924443546	1
chr1	234835000	234995000	0.0914777655094343	1
chr1	234745000	235155000	0.0488058453301617	1
chr1	234750000	235035000	0.0595037030673978	1
chr1	234765000	234950000	0.0807659733329988	1
chr1	234785000	234815000	0.573750292565385	1
chr1	234750000	235245000	0.0441828969105697	1
chr1	235020000	235080000	0.241833569340799	1
chr1	234900000	235240000	0.0525095066070591	1
chr1	234755000	235065000	0.0559017087430312	1
chr1	234825000	234855000	0.573228533802235	1
chr1	234870000	234970000	0.139944653564311	1
chr1	234780000	234840000	0.241322173062675	1
chr1	234745000	234805000	0.241286264759024	1
chr1	234655000	234715000	0.241107051071623	1
chr1	235160000	235190000	0.57252738259632	1
chr1	234970000	235245000	0.0602843119780116	1
chr1	234750000	234990000	0.0657791031040307	1
chr1	234985000	235245000	0.0622765546908914	1
chr1	235130000	235245000	0.121896685727966	1
chr1	234745000	234895000	0.0955779982004163	1
chr1	234885000	235005000	0.117312454167482	1
chr1	234765000	235055000	0.0578728619752018	1
chr1	234815000	234970000	0.0926777289061611	1
chr1	235325000	235385000	0.240372178914229	1
chr1	235085000	235245000	0.0900284498374772	1
chr1	234660000	234690000	0.571678367488456	1
chr1	235325000	235395000	0.202064331237016	1
chr1	234795000	234825000	0.57142848958118	1
chr1	235145000	235175000	0.571369011800169	1
chr1	234700000	234730000	0.571298576555975	1
chr1	234800000	234860000	0.239957178960624	1
chr1	234685000	234715000	0.571176367947615	1
chr1	234780000	234960000	0.0813877299280833	1
chr1	235035000	235240000	0.0735050946958058	1
chr1	235365000	235395000	0.570769437995471	1
chr1	234755000	234840000	0.163268081606176	1
chr1	234980000	235135000	0.0920179121565042	1
chr1	234750000	235060000	0.0546617252889454	1
chr1	234880000	234965000	0.162996304012549	1
chr1	235085000	235145000	0.239236952611793	1
chr1	234760000	234860000	0.137884574933701	1
chr1	234830000	234860000	0.570055464420404	1
chr1	234745000	234985000	0.064756589949798	1
chr1	234740000	235170000	0.0457022422743023	1
chr1	234745000	235050000	0.0549426162189319	1
chr1	234755000	234905000	0.0941308051644568	1
chr1	234745000	235045000	0.0552966960903934	1
chr1	235275000	235305000	0.569206780129147	1
chr1	234875000	234905000	0.568615185337619	1
chr1	234745000	234965000	0.0685037735032555	1
chr1	234690000	234720000	0.568425524378592	1
chr1	235065000	235160000	0.143756337305961	1
chr1	234715000	235250000	0.0407916885609773	1
chr1	234775000	234845000	0.199702535250998	1
chr1	234765000	234985000	0.0683850584554773	1
chr1	235285000	235315000	0.568168489644971	1
chr1	234640000	235085000	0.0438515972172308	1
chr1	235015000	235045000	0.567473635716613	1
chr1	234800000	234830000	0.567456516757297	1
chr1	235295000	235325000	0.567085508468117	1
chr1	234980000	235050000	0.198584121112715	1
chr1	235280000	235310000	0.566787828526707	1
chr1	234725000	235255000	0.0403539534721449	1
chr1	234750000	234865000	0.118405298237481	1
chr1	234755000	234990000	0.0641879873738293	1
chr1	234765000	234880000	0.118173701968453	1
chr1	234635000	235130000	0.0416893085164693	1
chr1	234650000	235260000	0.0377920763556415	1
chr1	234645000	235265000	0.0374757736234401	1
chr1	234875000	234970000	0.142044613718614	1
chr1	234655000	235255000	0.0381244534473331	1
chr1	235015000	235100000	0.159560110507576	1
chr1	234700000	235250000	0.0395549875725068	1
chr1	234640000	235090000	0.0426791104420498	1
chr1	234640000	234720000	0.170196326052484	1
chr1	234885000	235240000	0.0480961586216373	1
chr1	234985000	235095000	0.122442615787182	1
chr1	235370000	235400000	0.565109795540571	1
chr1	234970000	235250000	0.0565143591938336	1
chr1	234750000	235065000	0.0518403571333746	1
chr1	234650000	234680000	0.564855936094765	1
chr1	234715000	235245000	0.0396419307407221	1
chr1	234750000	234895000	0.0945626513162099	1
chr1	234745000	235000000	0.0596684045674895	1
chr1	234750000	235095000	0.0485638894914092	1
chr1	234995000	235240000	0.0612145862269641	1
chr1	235275000	235345000	0.196435760059923	1
chr1	234710000	235240000	0.0393750469222147	1
chr1	234635000	234865000	0.0640017286110939	1
chr1	235070000	235100000	0.563859708128392	1
chr1	234635000	235180000	0.0390615341998504	1
chr1	234750000	234845000	0.140655556972809	1
chr1	234645000	235270000	0.0366297715265292	1
chr1	235120000	235150000	0.563706037552251	1
chr1	234640000	235185000	0.0389961003286786	1
chr1	234640000	234975000	0.0493013400183899	1
chr1	234980000	235095000	0.116281165162947	1
chr1	234735000	234990000	0.0590903181207007	1
chr1	234650000	234730000	0.16868609845169	1
chr1	234760000	234870000	0.121154906849542	1
chr1	235270000	235300000	0.562995267099947	1
chr1	235175000	235245000	0.195491398530311	1
chr1	234740000	235055000	0.0509874649835551	1
chr1	234760000	234840000	0.168330452198305	1
chr1	235005000	235245000	0.0613976763651583	1
chr1	234745000	235005000	0.0578227698909828	1
chr1	235105000	235135000	0.562214648333849	1
chr1	234745000	235075000	0.0494905096169757	1
chr1	234755000	235055000	0.0523090685150196	1
chr1	234650000	235015000	0.0461455983406483	1
chr1	234835000	234905000	0.194642522871114	1
chr1	234665000	235250000	0.0371858749223392	1
chr1	234865000	234975000	0.119955347856928	1
chr1	234835000	234865000	0.561052622418176	1
chr1	234650000	234980000	0.0489903281858689	1
chr1	234695000	234725000	0.560660941068558	1
chr1	234860000	234890000	0.560542787257716	1
chr1	234750000	235100000	0.0467797981308117	1
chr1	234815000	234845000	0.56036423570498	1
chr1	234740000	235070000	0.0487454672901985	1
chr1	235005000	235240000	0.0614074041536093	1
chr1	234770000	234850000	0.1661672491042	1
chr1	234770000	235250000	0.0397335835716144	1
chr1	234860000	235140000	0.0541657295638578	1
chr1	234635000	235005000	0.0449972447006531	1
chr1	234980000	235180000	0.0693500264885956	1
chr1	235380000	235410000	0.55914190255235	1
chr1	234750000	235160000	0.043187240778707	1
chr1	234635000	235070000	0.0415492563899562	1
chr1	234775000	234870000	0.137313623540781	1
chr1	234665000	234695000	0.558576553439388	1
chr1	235060000	235140000	0.165347357900745	1
chr1	234865000	234985000	0.108842100670821	1
chr1	234730000	235015000	0.052861064909342	1
chr1	234655000	235010000	0.0455369144214142	1
chr1	234635000	234985000	0.0457923493060523	1
chr1	234740000	235185000	0.0404729661131465	1
chr1	234975000	235150000	0.0767025512546928	1
chr1	234905000	235250000	0.0460057255558777	1
chr1	234705000	235250000	0.0368575882714826	1
chr1	234745000	235125000	0.0433987296271838	1
chr1	234635000	234715000	0.164422534293786	1
chr1	235070000	235245000	0.0764536400354467	1
chr1	234865000	235250000	0.0430936947733996	1
chr1	234970000	235240000	0.0543607794594898	1
chr1	234860000	235085000	0.0619341941685982	1
chr1	234730000	235050000	0.0479778526874395	1
chr1	234755000	235250000	0.0382448889356946	1
chr1	235110000	235190000	0.163883455331381	1
chr1	234975000	235065000	0.143939081800205	1
chr1	234730000	235095000	0.0440335647144043	1
chr1	234755000	234835000	0.163717224968347	1
chr1	234745000	234960000	0.0637795770830207	1
chr1	235300000	235370000	0.189988828701432	1
chr1	234710000	235255000	0.0362353702765367	1
chr1	234735000	234900000	0.0794915968977302	1
chr1	234765000	234995000	0.0601831608145426	1
