chr12	108925000	108945000	0.998462487522349	1
chr12	108930000	108950000	0.999025451455899	1
chr12	108930000	109010000	0.308141828496171	1
chr12	108935000	109010000	0.313128873582338	1
chr12	108935000	109015000	0.299780840029298	1
chr12	108940000	109010000	0.413769993617841	1
chr12	108940000	109015000	0.407267539200593	1
chr12	108945000	109010000	0.414704051839678	1
chr12	108945000	109015000	0.569519954540804	1
chr12	108945000	109020000	0.413405130843722	1
chr12	108945000	109025000	0.310016166242334	1
chr12	108950000	109010000	0.800227191545072	1
chr12	108950000	109015000	0.565273338106199	1
chr12	108950000	109020000	0.554944324204995	1
chr12	108950000	109025000	0.570793766500472	1
chr12	108950000	109200000	0.122442615787182	1
chr12	108955000	109000000	0.795748587808867	1
chr12	108955000	109005000	0.998328839116465	1
chr12	108955000	109010000	0.99999999999983	1
chr12	108955000	109015000	0.998520945567758	1
chr12	108955000	109020000	0.998371833872772	1
chr12	108955000	109025000	0.99852742120551	1
chr12	108955000	109030000	0.79533809053578	1
chr12	108955000	109035000	0.561292620530433	1
chr12	108955000	109040000	0.250927276375896	1
chr12	108955000	109050000	0.237698408641058	1
chr12	108955000	109055000	0.307604181004253	1
chr12	108955000	109195000	0.307554978523935	1
chr12	108955000	109200000	0.163073974144663	1
chr12	108955000	109245000	0.199842224975856	1
chr12	108960000	108990000	0.795489516681574	1
chr12	108960000	109000000	0.799945270599387	1
chr12	108960000	109005000	0.99999999999983	1
chr12	108960000	109010000	0.99999999999983	1
chr12	108960000	109015000	0.998364153497661	1
chr12	108960000	109020000	0.998338875166511	1
chr12	108960000	109025000	0.99999999999983	1
chr12	108960000	109030000	0.80013751939199	1
chr12	108960000	109035000	0.41390533306907	1
chr12	108960000	109055000	0.243468103230995	1
chr12	108960000	109195000	0.203583882607028	1
chr12	108960000	109200000	0.167927029284009	1
chr12	108960000	109220000	0.123886930885261	1
chr12	108960000	109230000	0.14273316093817	1
chr12	108960000	109245000	0.14122189422934	1
chr12	108965000	108985000	0.998135917201992	1
chr12	108965000	108990000	0.99839987133048	1
chr12	108965000	108995000	0.99999999999983	1
chr12	108965000	109000000	0.998682179597895	1
chr12	108965000	109005000	0.99999999999983	1
chr12	108965000	109010000	0.99999999999983	1
chr12	108965000	109015000	0.997929350015282	1
chr12	108965000	109020000	0.997907928596911	1
chr12	108965000	109025000	0.997735595019874	1
chr12	108965000	109030000	0.412030491599856	1
chr12	108965000	109195000	0.163602798825196	1
chr12	108970000	108990000	0.99999999999983	1
chr12	108970000	108995000	0.99999999999983	1
chr12	108970000	109000000	0.99999999999983	1
chr12	108970000	109005000	0.998863724144653	1
chr12	108970000	109010000	0.998198960958962	1
chr12	108970000	109015000	0.560542787257716	1
chr12	108970000	109020000	0.408884022092563	1
chr12	108975000	108995000	0.99999999999983	1
chr12	108975000	109000000	0.99999999999983	1
chr12	108975000	109005000	0.998707010384887	1
chr12	108975000	109010000	0.793600854386656	1
chr12	108980000	109000000	0.99999999999983	1
chr12	108980000	109005000	0.998528771350265	1
chr12	108985000	109005000	0.99999999999983	1
chr12	108990000	109010000	0.99798008391564	1
chr12	109015000	109200000	0.198106053413813	1
chr12	109020000	109195000	0.200543658741394	1
chr12	109025000	109195000	0.24428677825994	1
chr12	109030000	109050000	0.99999999999983	1
chr12	109030000	109055000	0.998450418015853	1
chr12	109030000	109185000	0.19840227386204	1
chr12	109030000	109190000	0.170059293395311	1
chr12	109030000	109195000	0.314821816788672	1
chr12	109030000	109200000	0.16423468404306	1
chr12	109030000	109205000	0.160000796725908	1
chr12	109030000	109210000	0.144290208516463	1
chr12	109030000	109215000	0.165291269118278	1
chr12	109035000	109055000	0.998832872298099	1
chr12	109035000	109185000	0.307546244594106	1
chr12	109035000	109195000	0.30443440202802	1
chr12	109035000	109200000	0.163213497401964	1
chr12	109040000	109180000	0.308800821934878	1
chr12	109040000	109185000	0.315093147563523	1
chr12	109040000	109190000	0.311617765101094	1
chr12	109040000	109195000	0.413355438924365	1
chr12	109040000	109200000	0.198052442748798	1
chr12	109040000	109205000	0.169043757550468	1
chr12	109045000	109125000	0.303388358201563	1
chr12	109045000	109180000	0.303478275544104	1
chr12	109045000	109185000	0.245247512402251	1
chr12	109045000	109190000	0.55914190255235	1
chr12	109045000	109195000	0.413239513550195	1
chr12	109045000	109200000	0.402065272074571	1
chr12	109045000	109205000	0.168609935346437	1
chr12	109050000	109170000	0.201353147294731	1
chr12	109050000	109175000	0.314334301939548	1
chr12	109050000	109180000	0.309173714226867	1
chr12	109050000	109185000	0.408248005786922	1
chr12	109050000	109190000	0.317156757971876	1
chr12	109050000	109195000	0.571653436011528	1
chr12	109050000	109200000	0.406552257751746	1
chr12	109050000	109205000	0.247315471688599	1
chr12	109050000	109210000	0.194728984033945	1
chr12	109050000	109215000	0.198903156147037	1
chr12	109050000	109230000	0.142018421270071	1
chr12	109055000	109080000	0.998071602970379	1
chr12	109055000	109120000	0.55990878271158	1
chr12	109055000	109135000	0.309090566690803	1
chr12	109055000	109165000	0.409324671296739	1
chr12	109055000	109170000	0.410121159415161	1
chr12	109055000	109175000	0.247681993493935	1
chr12	109055000	109180000	0.560226711799672	1
chr12	109055000	109185000	0.796175672908278	1
chr12	109055000	109190000	0.802342317443341	1
chr12	109055000	109195000	0.998318147304262	1
chr12	109055000	109200000	0.57158575953572	1
chr12	109055000	109205000	0.245524682271723	1
chr12	109055000	109210000	0.308493467678836	1
chr12	109055000	109215000	0.307051186130779	1
chr12	109055000	109220000	0.195693319120255	1
chr12	109055000	109245000	0.19780882651467	1
chr12	109060000	109080000	0.99999999999983	1
chr12	109060000	109085000	0.998041623538146	1
chr12	109060000	109090000	0.796706388816014	1
chr12	109060000	109100000	0.803950745627965	1
chr12	109060000	109105000	0.570000322016299	1
chr12	109060000	109110000	0.569471637925564	1
chr12	109060000	109115000	0.80020740525447	1
chr12	109060000	109120000	0.570356344697694	1
chr12	109060000	109125000	0.40924782663954	1
chr12	109060000	109130000	0.409682234931967	1
chr12	109060000	109140000	0.310154619317749	1
chr12	109060000	109155000	0.311268468038835	1
chr12	109060000	109160000	0.246049316071196	1
chr12	109060000	109165000	0.310640561011563	1
chr12	109060000	109170000	0.413396742495794	1
chr12	109060000	109175000	0.413736004434115	1
chr12	109060000	109180000	0.568168489644971	1
chr12	109060000	109185000	0.798571526707803	1
chr12	109060000	109190000	0.415105104852286	1
chr12	109060000	109195000	0.803139805834516	1
chr12	109060000	109200000	0.573228533802235	1
chr12	109060000	109205000	0.418075238671144	1
chr12	109060000	109210000	0.237085806037204	1
chr12	109060000	109220000	0.198611141919339	1
chr12	109060000	109230000	0.197435455478061	1
chr12	109065000	109085000	0.998589503039498	1
chr12	109065000	109095000	0.998005746423071	1
chr12	109065000	109100000	0.804198626881041	1
chr12	109065000	109105000	0.801890386478155	1
chr12	109065000	109110000	0.566427241646132	1
chr12	109065000	109115000	0.799232768041022	1
chr12	109065000	109120000	0.56650775168958	1
chr12	109065000	109130000	0.313470636424766	1
chr12	109065000	109140000	0.306219818564415	1
chr12	109065000	109165000	0.307439961131276	1
chr12	109065000	109170000	0.242939658926636	1
chr12	109065000	109175000	0.248678115381198	1
chr12	109065000	109180000	0.40872959284892	1
chr12	109065000	109185000	0.41068799216557	1
chr12	109065000	109190000	0.561808942869862	1
chr12	109065000	109195000	0.800109895534844	1
chr12	109065000	109200000	0.559546738231461	1
chr12	109065000	109205000	0.242127161839033	1
chr12	109065000	109210000	0.19504773361723	1
chr12	109070000	109090000	0.998323365766697	1
chr12	109070000	109095000	0.99755761783125	1
chr12	109070000	109110000	0.796671293614879	1
chr12	109070000	109115000	0.573444950091862	1
chr12	109070000	109120000	0.414203216275577	1
chr12	109070000	109125000	0.555485003178442	1
chr12	109070000	109130000	0.408769784283486	1
chr12	109070000	109165000	0.410656895564464	1
chr12	109070000	109170000	0.313593135252165	1
chr12	109070000	109180000	0.311084256041269	1
chr12	109070000	109185000	0.406591470007324	1
chr12	109070000	109190000	0.311946317728504	1
chr12	109070000	109195000	0.403741977530298	1
chr12	109070000	109200000	0.197232747840763	1
chr12	109075000	109095000	0.997698111854611	1
chr12	109075000	109105000	0.998305142252371	1
chr12	109075000	109110000	0.804837094875334	1
chr12	109075000	109115000	0.799127973292106	1
chr12	109075000	109120000	0.800607523715537	1
chr12	109075000	109125000	0.412175560562042	1
chr12	109075000	109135000	0.413712202632171	1
chr12	109075000	109170000	0.307968125682057	1
chr12	109075000	109185000	0.246094488791456	1
chr12	109075000	109190000	0.304409312850707	1
chr12	109075000	109195000	0.30902532601232	1
chr12	109075000	109200000	0.244101014375854	1
chr12	109080000	109100000	0.998712462744689	1
chr12	109080000	109105000	0.9980395889885	1
chr12	109080000	109110000	0.998110493486496	1
chr12	109080000	109115000	0.802149665299979	1
chr12	109080000	109120000	0.80556558287818	1
chr12	109080000	109125000	0.567891635208514	1
chr12	109080000	109175000	0.245751363536361	1
chr12	109080000	109180000	0.243204493266173	1
chr12	109080000	109195000	0.245840370734976	1
chr12	109080000	109200000	0.247409720939484	1
chr12	109085000	109105000	0.99999999999983	1
chr12	109085000	109110000	0.99999999999983	1
chr12	109085000	109115000	0.999032875333246	1
chr12	109085000	109120000	0.99866157351376	1
chr12	109085000	109125000	0.57252738259632	1
chr12	109090000	109110000	0.99999999999983	1
chr12	109090000	109115000	0.99999999999983	1
chr12	109090000	109120000	0.998245263369484	1
chr12	109090000	109195000	0.242360426517373	1
chr12	109095000	109115000	0.99999999999983	1
chr12	109095000	109120000	0.99999999999983	1
chr12	109100000	109120000	0.99999999999983	1
chr12	109115000	109165000	0.408518408708801	1
chr12	109115000	109190000	0.409903917520692	1
chr12	109120000	109150000	0.795411890237789	1
chr12	109120000	109160000	0.566038668592179	1
chr12	109125000	109145000	0.998249033339325	1
chr12	109125000	109150000	0.998317331905524	1
chr12	109125000	109155000	0.796356539113133	1
chr12	109125000	109165000	0.795785766239195	1
chr12	109130000	109150000	0.998497129576344	1
chr12	109130000	109155000	0.998418253600308	1
chr12	109130000	109160000	0.798151360151455	1
chr12	109130000	109165000	0.799955997938083	1
chr12	109130000	109180000	0.568409789522697	1
chr12	109135000	109155000	0.998571080673063	1
chr12	109135000	109160000	0.997527490524233	1
chr12	109135000	109165000	0.794832033652425	1
chr12	109135000	109180000	0.565606420529043	1
chr12	109135000	109185000	0.57090795007975	1
chr12	109140000	109160000	0.998510020580706	1
chr12	109140000	109170000	0.796458951273235	1
chr12	109140000	109180000	0.560438478194774	1
chr12	109145000	109165000	0.998331258315928	1
chr12	109150000	109180000	0.796970659757791	1
chr12	109155000	109175000	0.998311968550238	1
chr12	109165000	109185000	0.99830562411198	1
chr12	109170000	109190000	0.998040974841874	1
chr12	109195000	109215000	0.997871605280675	1
chr12	109195000	109245000	0.556198048408719	1
chr12	109210000	109240000	0.799250503367681	1
chr12	109210000	109245000	0.798371178253215	1
chr12	109215000	109235000	0.998209584767306	1
chr12	109215000	109240000	0.99795319549942	1
chr12	109215000	109245000	0.997766403630964	1
chr12	109220000	109240000	0.998656026344596	1
chr12	109220000	109245000	0.998811865851325	1
chr12	109220000	109250000	0.797083671717841	1
chr12	109225000	109245000	0.99999999999983	1
chr12	109275000	109325000	0.412629614606859	1
chr12	109275000	109340000	0.413993561440807	1
chr12	109280000	109340000	0.411486492683187	1
chr12	109280000	109345000	0.415842805420026	1
chr12	109290000	109310000	0.998099093783664	1
chr12	109325000	109420000	0.246226339721404	1
chr12	109350000	109425000	0.316510515014733	1
chr12	109350000	109430000	0.307484599056764	1
chr12	109355000	109425000	0.413543955909264	1
chr12	109360000	109420000	0.801151646173355	1
chr12	109360000	109425000	0.794447941885249	1
chr12	109360000	109430000	0.56404108914116	1
chr12	109360000	109435000	0.312251054463436	1
chr12	109360000	109455000	0.244941977979848	1
chr12	109365000	109420000	0.800560892246373	1
chr12	109365000	109425000	0.80499729492486	1
chr12	109365000	109430000	0.800839544960768	1
chr12	109370000	109420000	0.99999999999983	1
chr12	109370000	109425000	0.998623269616762	1
chr12	109370000	109430000	0.801112689807622	1
chr12	109370000	109435000	0.4159552622813	1
chr12	109370000	109440000	0.410097688799726	1
chr12	109370000	109445000	0.407588749822204	1
chr12	109370000	109465000	0.240372178914229	1
chr12	109490000	109510000	0.998490225016954	1
chr12	109490000	109520000	0.801500033477521	1
chr12	109490000	109525000	0.800766128496274	1
chr12	109490000	109530000	0.7934861930461	1
chr12	109495000	109525000	0.801480099930608	1
chr12	109500000	109520000	0.998360986687803	1
chr12	109505000	109525000	0.99827872513732	1
chr12	109695000	109820000	0.413678637121642	1
chr12	109695000	109825000	0.303442271417805	1
chr12	109700000	109815000	0.401736919321769	1
chr12	109700000	109820000	0.567359687778466	1
chr12	109700000	109825000	0.415144667019449	1
chr12	109700000	109830000	0.311762844749448	1
chr12	109700000	109835000	0.200874532866716	1
chr12	109705000	109810000	0.238396640720004	1
chr12	109705000	109820000	0.56036423570498	1
chr12	109705000	109825000	0.410577057041298	1
chr12	109755000	109785000	0.794570254736811	1
chr12	108960000	108995000	0.574501085927884	1
chr12	109060000	109095000	0.575292059366857	1
chr12	109125000	109160000	0.577227085935541	1
chr12	108950000	109005000	0.405606168417696	1
chr12	108970000	109025000	0.411552838706583	1
chr12	109125000	109180000	0.413756483800247	1
chr12	109070000	109135000	0.312726698324339	1
chr12	109095000	109160000	0.310055339196177	1
chr12	109355000	109420000	0.306287239263363	1
chr12	109055000	109125000	0.301848280156779	1
chr12	109270000	109340000	0.312026007022374	1
chr12	109350000	109420000	0.317123115263735	1
chr12	109365000	109435000	0.3157859666027	1
chr12	108950000	109030000	0.248684418582059	1
chr12	109070000	109150000	0.248487536040937	1
chr12	109035000	109120000	0.242885934462633	1
chr12	109055000	109140000	0.246248334021232	1
chr12	109065000	109150000	0.242868424788914	1
chr12	109360000	109445000	0.24674296041701	1
chr12	109365000	109450000	0.245342553608339	1
chr12	108935000	109025000	0.246687066622318	1
chr12	109060000	109215000	0.16745425732438	1
chr12	109020000	109215000	0.144104498399666	1
chr12	109025000	109220000	0.14430599129804	1
chr12	109025000	109225000	0.139700619901861	1
chr12	109135000	109170000	0.571420813153478	1
chr12	108940000	109020000	0.247233205495799	1
chr12	109075000	109155000	0.246479422866128	1
chr12	109365000	109445000	0.246779390894803	1
chr12	108925000	109010000	0.239957178960624	1
chr12	108930000	109015000	0.240926837112321	1
chr12	109060000	109145000	0.240965573821061	1
chr12	108925000	109015000	0.242723278967429	1
chr12	108955000	109045000	0.241493306248984	1
chr12	108960000	109050000	0.244724009519996	1
chr12	109060000	109150000	0.244942430509922	1
chr12	109065000	109155000	0.243241903012901	1
chr12	109035000	109205000	0.141293439006524	1
chr12	109075000	109165000	0.240697439478608	1
chr12	109035000	109180000	0.170337171521327	1
chr12	109045000	109210000	0.14208656612469	1
chr12	109040000	109215000	0.142110742858302	1
chr12	109015000	109195000	0.139360432446312	1
chr12	109035000	109215000	0.137768571067214	1
chr12	108955000	109185000	0.118571964719046	1
chr12	109140000	109165000	0.808665494760541	1
chr12	109070000	109105000	0.567802686518376	1
chr12	109205000	109240000	0.568615185337619	1
chr12	109050000	109165000	0.19930453087126	1
chr12	109695000	109830000	0.168215579366437	1
chr12	109035000	109175000	0.16389566149452	1
chr12	109075000	109220000	0.167393500534933	1
chr12	109050000	109220000	0.137671230812607	1
chr12	109025000	109215000	0.12676422429309	1
chr12	108965000	109200000	0.119368537032032	1
chr12	109010000	109245000	0.117819417689704	1
chr12	108965000	109225000	0.119588248367679	1
chr12	109270000	109530000	0.112370943266051	1
chr12	108925000	108950000	0.806626715430154	1
chr12	109065000	109090000	0.805631084391691	1
chr12	109495000	109520000	0.805368873935419	1
chr12	109500000	109525000	0.806064611813886	1
chr12	109140000	109175000	0.567456516757297	1
chr12	109150000	109175000	0.804331875247387	1
chr12	109705000	109815000	0.197176389687422	1
chr12	109275000	109530000	0.109382573202706	1
chr12	109075000	109100000	0.801316985668027	1
chr12	109145000	109170000	0.802550397279335	1
chr12	109155000	109180000	0.803304481311732	1
chr12	109490000	109515000	0.801424084714102	1
chr12	109280000	109315000	0.563706037552251	1
chr12	108960000	109040000	0.241354829397402	1
chr12	109360000	109440000	0.241141285930584	1
chr12	109040000	109210000	0.137148987357373	1
chr12	109265000	109530000	0.105954266781106	1
chr12	109105000	109130000	0.800510259386783	1
chr12	109300000	109325000	0.800549894988517	1
chr12	109080000	109210000	0.16621168292237	1
chr12	109030000	109220000	0.123779322923957	1
chr12	109055000	109160000	0.197597133999503	1
chr12	109085000	109195000	0.194962938615795	1
chr12	108985000	109010000	0.799224070389148	1
chr12	109165000	109190000	0.798766852678389	1
chr12	109225000	109250000	0.799480861344752	1
chr12	109080000	109185000	0.196435760059923	1
chr12	109705000	109830000	0.170538785319034	1
chr12	109485000	109510000	0.797876795646073	1
chr12	109155000	109190000	0.560321576282728	1
chr12	109065000	109125000	0.315777602093329	1
chr12	109030000	109175000	0.155602713671602	1
chr12	108960000	108985000	0.79736498226494	1
chr12	109055000	109115000	0.313412856566615	1
chr12	109295000	109320000	0.797039591769217	1
chr12	109310000	109335000	0.796827350384263	1
chr12	109110000	109135000	0.796622853432075	1
chr12	109125000	109185000	0.312509454817865	1
chr12	109035000	109210000	0.131139302431973	1
chr12	109040000	109240000	0.12208180300228	1
chr12	109275000	109335000	0.310765077563815	1
chr12	109120000	109180000	0.308748211793192	1
chr12	109130000	109190000	0.309011739907396	1
chr12	109030000	109225000	0.121836468374385	1
chr12	109015000	109220000	0.118056008336029	1
chr12	109200000	109245000	0.417510696487849	1
chr12	108955000	109205000	0.102856951454326	1
chr12	108945000	109005000	0.308330029810507	1
chr12	109020000	109225000	0.116379675120463	1
chr12	109780000	109805000	0.795486234952969	1
chr12	109305000	109330000	0.794980069771461	1
chr12	109040000	109225000	0.123828079823912	1
chr12	109085000	109185000	0.200418270002307	1
chr12	108960000	109215000	0.101803564057973	1
chr12	109125000	109170000	0.415469621166727	1
chr12	108965000	109230000	0.0963867303554181	1
chr12	109085000	109130000	0.414530825390177	1
chr12	109365000	109440000	0.247643990481834	1
chr12	108930000	109025000	0.202064331237016	1
chr12	108965000	109245000	0.0949732935839371	1
chr12	109050000	109225000	0.124645563249539	1
chr12	109060000	109135000	0.245502484373602	1
chr12	109055000	109100000	0.411714361305587	1
chr12	109045000	109230000	0.120309200620781	1
chr12	109695000	109815000	0.166050076427693	1
chr12	109010000	109195000	0.11968775043565	1
chr12	109345000	109530000	0.119753983152663	1
chr12	109055000	109150000	0.200239931097626	1
chr12	109065000	109160000	0.200170934860935	1
chr12	109045000	109170000	0.159570991660509	1
chr12	109140000	109185000	0.409416140943255	1
chr12	109120000	109165000	0.408989041937413	1
chr12	109055000	109130000	0.242870698604019	1
chr12	109080000	109155000	0.24307196761007	1
chr12	109035000	109220000	0.117650202746695	1
chr12	109090000	109185000	0.198290357049683	1
chr12	109195000	109240000	0.406416786076578	1
chr12	109195000	109345000	0.138977169888037	1
chr12	109265000	109310000	0.406122450121638	1
chr12	109030000	109240000	0.107151564043471	1
chr12	109075000	109150000	0.240057340786969	1
chr12	109025000	109230000	0.108828125748415	1
chr12	109040000	109220000	0.11845416662273	1
chr12	109710000	109825000	0.167829200199216	1
chr12	109255000	109530000	0.090867151812454	1
chr12	109090000	109180000	0.203237111820894	1
chr12	109195000	109530000	0.0824260750933588	1
chr12	109085000	109160000	0.238203842590148	1
chr12	108955000	109235000	0.0891647653693956	1
chr12	109030000	109230000	0.10961441336557	1
chr12	108955000	109530000	0.0635932300665075	1
chr12	108930000	109020000	0.198708389718986	1
chr12	109055000	109145000	0.198390138563151	1
chr12	109705000	109835000	0.145109004303728	1
chr12	108960000	109240000	0.0865343889941206	1
chr12	109070000	109205000	0.140847381802432	1
chr12	109085000	109245000	0.123159402645516	1
chr12	109045000	109245000	0.106299906773872	1
chr12	109020000	109210000	0.108923780343353	1
chr12	109020000	109205000	0.110292204807419	1
chr12	109055000	109110000	0.315984749059551	1
chr12	109690000	109820000	0.142361535548964	1
chr12	109280000	109530000	0.0900170209504284	1
chr12	108955000	109240000	0.0830741930260295	1
chr12	109070000	109175000	0.169403583265451	1
chr12	109050000	109245000	0.10575162476612	1
chr12	109335000	109525000	0.107319189391816	1
chr12	109130000	109185000	0.314323762909123	1
chr12	109700000	109810000	0.163419079487707	1
chr12	109275000	109345000	0.246418235556866	1
chr12	109055000	109340000	0.0820293518594801	1
chr12	109275000	109435000	0.120748986812611	1
chr12	109085000	109170000	0.201959296953533	1
chr12	109085000	109155000	0.24531546895435	1
chr12	109110000	109195000	0.201804668520642	1
chr12	109075000	109205000	0.139747904671824	1
chr12	109020000	109220000	0.102862227718229	1
chr12	109075000	109130000	0.311610320182542	1
chr12	109070000	109140000	0.244310247430846	1
chr12	109035000	109230000	0.103576255951796	1
chr12	109050000	109155000	0.166531241702782	1
chr12	109090000	109145000	0.311052459368061	1
chr12	109280000	109335000	0.310767474707611	1
chr12	109050000	109105000	0.310534015877959	1
chr12	109035000	109190000	0.121691688150764	1
chr12	109005000	109195000	0.104630160799406	1
chr12	109255000	109340000	0.199610730438185	1
chr12	108955000	109215000	0.0851061310563635	1
chr12	108950000	109195000	0.0868359291299386	1
chr12	109045000	109115000	0.242635622735978	1
chr12	108935000	109020000	0.199363197556461	1
chr12	109360000	109465000	0.164897673656115	1
chr12	109135000	109190000	0.308384865334629	1
chr12	109685000	109810000	0.142494074947182	1
chr12	109090000	109175000	0.198318533147206	1
chr12	109340000	109530000	0.103276707995458	1
chr12	109080000	109165000	0.198006921250389	1
chr12	108945000	109030000	0.197830586492415	1
chr12	109080000	109205000	0.141991036803262	1
chr12	109285000	109340000	0.306451477741948	1
chr12	109055000	109240000	0.103876452420095	1
chr12	109250000	109530000	0.079609646023543	1
chr12	109075000	109145000	0.23923095900996	1
chr12	109040000	109165000	0.140647703807491	1
chr12	109275000	109330000	0.305690661215685	1
chr12	109280000	109350000	0.238416191127549	1
chr12	109065000	109220000	0.118405298237481	1
chr12	109065000	109135000	0.237381363871838	1
chr12	109070000	109245000	0.106304379081548	1
chr12	109040000	109250000	0.0930716804615059	1
chr12	108945000	109200000	0.0824719487842163	1
chr12	109050000	109130000	0.20530619041581	1
chr12	109100000	109185000	0.193831437516966	1
chr12	108960000	109190000	0.0871134666951342	1
chr12	108955000	109220000	0.0801726349753367	1
chr12	109045000	109165000	0.141982482653324	1
chr12	109045000	109220000	0.105232524374216	1
chr12	109015000	109215000	0.0954713328511091	1
chr12	109715000	109820000	0.158789700952394	1
chr12	109055000	109225000	0.107562745871941	1
chr12	109080000	109135000	0.300421138297051	1
chr12	108960000	109225000	0.0794915968977302	1
chr12	109345000	109425000	0.203540182818876	1
chr12	109200000	109345000	0.119895457355059	1
chr12	109070000	109240000	0.105978781059043	1
chr12	108950000	109245000	0.0730253166988054	1
chr12	109010000	109190000	0.100787722364202	1
chr12	109090000	109190000	0.163688484228508	1
chr12	109075000	109215000	0.123126277112685	1
chr12	109070000	109215000	0.118803232578559	1
chr12	109125000	109190000	0.247915790101251	1
chr12	108955000	109250000	0.0715306129181321	1
chr12	109025000	109190000	0.105637977897186	1
chr12	109710000	109830000	0.137777374151876	1
chr12	108965000	109240000	0.0750981273666072	1
chr12	109285000	109350000	0.245282046422875	1
chr12	109095000	109175000	0.198316782013206	1
chr12	109080000	109160000	0.19819228896907	1
chr12	109105000	109185000	0.19710841053293	1
chr12	109685000	109825000	0.119243461148234	1
chr12	109115000	109195000	0.196919335701877	1
chr12	109085000	109165000	0.196275509761208	1
chr12	109255000	109350000	0.165775310535169	1
chr12	109715000	109810000	0.165686576069331	1
chr12	109025000	109240000	0.0847742385635699	1
chr12	109690000	109825000	0.121874256770808	1
chr12	109060000	109225000	0.102378578704461	1
chr12	109050000	109240000	0.0917893733814013	1
chr12	109200000	109340000	0.117407098339921	1
chr12	109085000	109200000	0.1385136878293	1
chr12	109130000	109170000	0.417443086726252	1
chr12	109350000	109445000	0.164388688358551	1
chr12	109090000	109155000	0.240178135530217	1
chr12	109695000	109810000	0.137755295564908	1
chr12	109075000	109230000	0.107070870729542	1
chr12	109085000	109180000	0.163717224968347	1
chr12	109075000	109140000	0.239987040842205	1
chr12	109275000	109525000	0.0750962551854603	1
chr12	109020000	109245000	0.0806135393650091	1
chr12	109010000	109200000	0.0906089053303101	1
chr12	108955000	109210000	0.0741461231191347	1
chr12	109015000	109230000	0.0834008479585993	1
chr12	109010000	109220000	0.0837186801946235	1
chr12	109020000	109200000	0.0942958667854232	1
chr12	109095000	109190000	0.162842308290291	1
chr12	109100000	109195000	0.162746060494593	1
chr12	109045000	109155000	0.142256512744288	1
chr12	109135000	109175000	0.414781806117937	1
chr12	109285000	109530000	0.0751371297782441	1
chr12	109370000	109460000	0.170550720042318	1
chr12	109710000	109820000	0.141480226187189	1
chr12	109055000	109530000	0.0515105806769283	1
chr12	109350000	109530000	0.0934483555620315	1
chr12	109110000	109150000	0.413468375199618	1
chr12	109265000	109345000	0.190864865670165	1
chr12	109080000	109170000	0.170094211811621	1
chr12	109070000	109220000	0.107909891196692	1
chr12	109040000	109170000	0.120916808031915	1
chr12	108950000	109040000	0.169872573741129	1
chr12	108950000	109250000	0.065069316073055	1
chr12	109090000	109200000	0.140248608022945	1
chr12	109090000	109130000	0.411458291788051	1
chr12	109115000	109155000	0.411402141454145	1
chr12	109290000	109330000	0.410859607252597	1
chr12	109015000	109225000	0.08136509396296	1
chr12	109055000	109235000	0.0917459426776453	1
chr12	109015000	109190000	0.0939926585136717	1
chr12	108945000	109235000	0.0657791031040307	1
chr12	109085000	109215000	0.119284572505598	1
chr12	109010000	109185000	0.0937155235999914	1
chr12	109200000	109240000	0.409746728486007	1
chr12	109045000	109225000	0.0911905870427868	1
chr12	109215000	109530000	0.062409585135421	1
chr12	108970000	109240000	0.0687053856446606	1
chr12	109015000	109055000	0.408675931525766	1
chr12	109250000	109325000	0.20077405359081	1
chr12	109270000	109310000	0.408378506513622	1
chr12	109060000	109240000	0.0904482047194723	1
chr12	109045000	109120000	0.200326311721837	1
chr12	109145000	109185000	0.408002037069541	1
chr12	109155000	109195000	0.407979473455107	1
chr12	108975000	109015000	0.407718010972547	1
chr12	109035000	109235000	0.0834972385749573	1
chr12	109295000	109345000	0.312187800133526	1
chr12	108945000	109190000	0.071891863210446	1
chr12	109085000	109135000	0.31213877042877	1
chr12	109055000	109105000	0.311965347784695	1
chr12	108955000	109255000	0.0630538055887123	1
chr12	109025000	109200000	0.0920179121565042	1
chr12	109095000	109185000	0.165508277948473	1
chr12	108955000	108995000	0.406896216786366	1
chr12	109035000	109075000	0.406627161086206	1
chr12	109360000	109450000	0.165197134676001	1
chr12	109040000	109160000	0.126489238825758	1
chr12	108955000	109190000	0.0733370680555757	1
chr12	109055000	109095000	0.406422262198701	1
chr12	108940000	109215000	0.0664032842643574	1
chr12	109095000	109135000	0.40587668102876	1
chr12	109055000	109230000	0.0912618841012148	1
chr12	109280000	109320000	0.405662748547019	1
chr12	108950000	109190000	0.0719006416841488	1
chr12	108955000	109225000	0.0669894973640175	1
chr12	109485000	109525000	0.405378847656733	1
chr12	109070000	109145000	0.197895149739523	1
chr12	109085000	109175000	0.164081905027118	1
chr12	109105000	109165000	0.251055536732051	1
chr12	109100000	109150000	0.309384012772282	1
chr12	109045000	109150000	0.140676498257265	1
chr12	109215000	109340000	0.120074207103408	1
chr12	109030000	109105000	0.196953323294163	1
chr12	109025000	109165000	0.108659923262241	1
chr12	109260000	109335000	0.196862040226331	1
chr12	109100000	109190000	0.163268081606176	1
chr12	109275000	109350000	0.196775850809391	1
chr12	109350000	109525000	0.0900500814115273	1
chr12	109115000	109205000	0.162920448904957	1
chr12	109050000	109250000	0.0811618714067895	1
chr12	109140000	109190000	0.308176484789264	1
chr12	109120000	109195000	0.196172615191184	1
chr12	109355000	109430000	0.196007542727016	1
chr12	109085000	109190000	0.139764455581933	1
chr12	109035000	109240000	0.0790685482637269	1
chr12	109080000	109130000	0.307717683720553	1
chr12	109290000	109435000	0.104777731060783	1
chr12	109280000	109330000	0.307425611257814	1
chr12	109100000	109175000	0.195475413180499	1
chr12	109200000	109530000	0.0575387655914718	1
chr12	109270000	109345000	0.195258067289969	1
chr12	109050000	109235000	0.0850144900459476	1
chr12	109275000	109535000	0.0665577104669811	1
chr12	109245000	109530000	0.0627570941859564	1
chr12	109095000	109180000	0.17060754960977	1
chr12	109365000	109470000	0.138252252117784	1
chr12	109075000	109180000	0.138210284246401	1
chr12	108970000	109030000	0.247534937733639	1
chr12	108960000	109180000	0.0739334326518627	1
chr12	109025000	109245000	0.0737753412318683	1
chr12	109070000	109235000	0.0920493448908496	1
chr12	109240000	109530000	0.0611084086107941	1
chr12	109710000	109810000	0.143941177507236	1
chr12	109195000	109340000	0.102935577694889	1
chr12	108955000	109060000	0.137504059250148	1
chr12	109710000	109815000	0.137275996390601	1
chr12	109020000	109240000	0.0733640435453381	1
chr12	108940000	109025000	0.169115482600581	1
chr12	109290000	109470000	0.0853771605670115	1
chr12	109270000	109330000	0.246181538190513	1
chr12	109060000	109345000	0.0615344611566365	1
chr12	109055000	109155000	0.14312347959116	1
chr12	109035000	109170000	0.108842100670821	1
chr12	109270000	109525000	0.0655796804394386	1
chr12	109030000	109235000	0.0765751357080493	1
chr12	109120000	109240000	0.120567378700146	1
chr12	109670000	109830000	0.0928829383510207	1
chr12	109150000	109200000	0.302063019601895	1
chr12	108960000	109205000	0.0667046056460675	1
chr12	109280000	109525000	0.0665229131499372	1
chr12	108955000	109120000	0.0899090211545682	1
chr12	109010000	109230000	0.0716390692286163	1
chr12	109065000	109215000	0.0974891675568016	1
chr12	109060000	109235000	0.0857430563056145	1
chr12	109005000	109200000	0.0786938509774086	1
chr12	109190000	109345000	0.0945626513162099	1
chr12	109250000	109335000	0.166357719825889	1
chr12	109060000	109335000	0.0612884477019462	1
chr12	109370000	109475000	0.134409533886292	1
chr12	109265000	109325000	0.242762712236183	1
chr12	109100000	109160000	0.242752376227663	1
chr12	108930000	109195000	0.0624285340687994	1
chr12	109355000	109475000	0.118800136830161	1
chr12	109055000	109335000	0.0603528771896406	1
chr12	109360000	109460000	0.140433560436641	1
chr12	109040000	109140000	0.140312180437782	1
chr12	109125000	109175000	0.299343719551412	1
chr12	109355000	109440000	0.164764017250741	1
chr12	108940000	109210000	0.0610553174210072	1
chr12	109080000	109220000	0.102018693713063	1
chr12	108965000	109235000	0.0610080278403798	1
chr12	109095000	109155000	0.240904764518102	1
chr12	108940000	109200000	0.0623193430931385	1
chr12	109025000	109055000	0.57226506490818	1
chr12	109005000	109220000	0.0714039512245511	1
chr12	109350000	109520000	0.0861633749497081	1
chr12	109700000	109800000	0.1391632743055	1
chr12	109360000	109475000	0.121896685727966	1
chr12	109040000	109125000	0.164118748638655	1
chr12	109285000	109315000	0.571875900807651	1
chr12	109050000	109120000	0.202392426759725	1
chr12	109030000	109165000	0.105038509664911	1
chr12	109315000	109430000	0.12159137884834	1
chr12	109065000	109245000	0.0813846779367848	1
chr12	109035000	109165000	0.107920537548836	1
chr12	109035000	109225000	0.0774822018194565	1
chr12	109080000	109140000	0.239602395204743	1
chr12	108980000	109010000	0.570385285370151	1
chr12	109280000	109310000	0.570378584442759	1
chr12	108960000	109235000	0.059404702756561	1
chr12	109040000	109175000	0.104093344676811	1
chr12	109100000	109130000	0.569502747859083	1
chr12	109205000	109235000	0.569430482952667	1
chr12	109080000	109215000	0.103747524616402	1
chr12	109710000	109840000	0.106958473811928	1
chr12	109080000	109190000	0.12492829812021	1
chr12	109275000	109520000	0.0632888182128644	1
chr12	109280000	109520000	0.0641879873738293	1
chr12	109265000	109350000	0.161725635218819	1
chr12	109290000	109420000	0.106500251999169	1
chr12	109365000	109500000	0.103231114385806	1
chr12	109055000	109085000	0.568355635077428	1
chr12	109075000	109210000	0.103060559133575	1
chr12	109075000	109175000	0.136513580244564	1
chr12	109350000	109460000	0.124291972838811	1
chr12	109430000	109460000	0.568131507232622	1
chr12	109715000	109815000	0.136321349087129	1
chr12	109095000	109125000	0.567643830323531	1
chr12	109310000	109425000	0.118883447646004	1
chr12	109035000	109250000	0.069014209776747	1
chr12	109165000	109195000	0.567174478672211	1
chr12	109050000	109145000	0.1429307660503	1
chr12	109685000	109830000	0.0958184236570236	1
chr12	109050000	109080000	0.566844326272573	1
chr12	109145000	109175000	0.566787828526707	1
chr12	108935000	109205000	0.0585613337689119	1
chr12	109360000	109525000	0.0850302776332425	1
chr12	108940000	109205000	0.0589186408207771	1
chr12	109445000	109475000	0.566375727143432	1
chr12	109125000	109195000	0.197912076255871	1
chr12	109025000	109180000	0.0896247588837911	1
chr12	109005000	109245000	0.0629461885715345	1
chr12	108925000	109020000	0.142098315846793	1
chr12	109295000	109325000	0.565866275032555	1
chr12	109770000	109800000	0.565823241869092	1
chr12	109080000	109250000	0.0827904401010694	1
chr12	108950000	109235000	0.0560018856417194	1
chr12	108950000	109035000	0.159639069506743	1
chr12	109205000	109530000	0.0508977292685918	1
chr12	108960000	109045000	0.159560110507576	1
chr12	109090000	109170000	0.169977147016603	1
chr12	108935000	109030000	0.141401823321781	1
chr12	109450000	109480000	0.564883402397263	1
chr12	108965000	109035000	0.196993703985414	1
chr12	109370000	109520000	0.0914777655094343	1
chr12	108970000	109190000	0.0667661052106116	1
chr12	109050000	109160000	0.122136929993981	1
chr12	109300000	109330000	0.564560260535643	1
chr12	109370000	109455000	0.158884076319329	1
chr12	109045000	109175000	0.103994138989461	1
chr12	109060000	109530000	0.0413665586259014	1
chr12	108955000	109340000	0.0456706491326803	1
chr12	109035000	109245000	0.0686389702582456	1
chr12	109500000	109530000	0.563889054984906	1
chr12	109435000	109465000	0.563859708128392	1
chr12	108970000	109195000	0.0651125591378571	1
chr12	109210000	109340000	0.103454589511637	1
chr12	109345000	109490000	0.093762054203216	1
chr12	109045000	109215000	0.081439485266714	1
