chr1	160160000	160215000	0.568615185337619	1
chr1	160160000	160220000	0.571176367947615	1
chr1	160160000	160225000	0.314566294866441	1
chr1	160160000	160255000	0.307439961131276	1
chr1	160160000	160260000	0.418446835377573	1
chr1	160165000	160215000	0.413825602446048	1
chr1	160165000	160220000	0.572761101527567	1
chr1	160165000	160260000	0.241112768721156	1
chr1	160170000	160220000	0.407718010972547	1
chr1	160175000	160195000	0.997871605280675	1
chr1	160175000	160215000	0.565209007420448	1
chr1	160185000	160205000	0.998135917201992	1
chr1	160185000	160215000	0.796706388816014	1
chr1	160190000	160210000	0.99827256306595	1
chr1	160230000	160250000	0.998490225016954	1
chr1	160260000	160280000	0.997929350015282	1
chr1	160260000	160305000	0.558576553439388	1
chr1	160265000	160285000	0.998503076681963	1
chr1	160265000	160290000	0.998079165337059	1
chr1	160265000	160295000	0.804304187367286	1
chr1	160265000	160305000	0.560542787257716	1
chr1	160270000	160290000	0.998354178914718	1
chr1	160270000	160295000	0.997918523952116	1
chr1	160270000	160300000	0.798957350253693	1
chr1	160270000	160305000	0.79960828963541	1
chr1	160275000	160295000	0.998356168387936	1
chr1	160275000	160305000	0.80513727521177	1
chr1	160280000	160300000	0.998497129576344	1
chr1	160375000	160580000	0.16276695566984	1
chr1	160380000	160575000	0.241833569340799	1
chr1	160385000	160575000	0.196435760059923	1
chr1	160385000	160580000	0.196295723154736	1
chr1	160390000	160565000	0.159079517887513	1
chr1	160390000	160570000	0.202957426960514	1
chr1	160390000	160575000	0.409746728486007	1
chr1	160390000	160580000	0.405606168417696	1
chr1	160390000	160585000	0.194840400319425	1
chr1	160395000	160505000	0.246094488791456	1
chr1	160395000	160510000	0.403975569735352	1
chr1	160395000	160515000	0.561808942869862	1
chr1	160395000	160520000	0.240057340786969	1
chr1	160395000	160565000	0.245724062033176	1
chr1	160395000	160570000	0.409923271830409	1
chr1	160395000	160575000	0.80338167989104	1
chr1	160395000	160580000	0.417443086726252	1
chr1	160395000	160585000	0.202596764854444	1
chr1	160400000	160420000	0.99999999999983	1
chr1	160400000	160430000	0.796529589535935	1
chr1	160400000	160490000	0.310055339196177	1
chr1	160400000	160505000	0.306308236877422	1
chr1	160400000	160510000	0.413543955909264	1
chr1	160400000	160515000	0.56118337540566	1
chr1	160400000	160520000	0.198844306573769	1
chr1	160400000	160570000	0.309065302261641	1
chr1	160400000	160575000	0.56596179108796	1
chr1	160400000	160580000	0.198390138563151	1
chr1	160405000	160425000	0.997527490524233	1
chr1	160405000	160490000	0.308235677048282	1
chr1	160405000	160500000	0.239525181021858	1
chr1	160405000	160505000	0.247915790101251	1
chr1	160405000	160510000	0.310524965143879	1
chr1	160405000	160515000	0.245766927107989	1
chr1	160405000	160570000	0.308384865334629	1
chr1	160405000	160575000	0.300368987080271	1
chr1	160410000	160430000	0.99804368986906	1
chr1	160410000	160515000	0.241011786201499	1
chr1	160410000	160575000	0.234469218738802	1
chr1	160415000	160575000	0.163281284638083	1
chr1	160420000	160440000	0.998338809535193	1
chr1	160420000	160485000	0.317883274184891	1
chr1	160425000	160505000	0.309955686019626	1
chr1	160430000	160490000	0.406422262198701	1
chr1	160435000	160455000	0.998196318652586	1
chr1	160435000	160480000	0.567174478672211	1
chr1	160440000	160460000	0.998450418015853	1
chr1	160440000	160475000	0.796175672908278	1
chr1	160440000	160480000	0.569427507706512	1
chr1	160440000	160485000	0.565109795540571	1
chr1	160445000	160465000	0.998449595794474	1
chr1	160445000	160475000	0.80144942256769	1
chr1	160445000	160480000	0.798371578792862	1
chr1	160445000	160485000	0.794832033652425	1
chr1	160450000	160480000	0.803304481311732	1
chr1	160450000	160485000	0.799453069251224	1
chr1	160450000	160490000	0.565268138138942	1
chr1	160455000	160475000	0.998338237169652	1
chr1	160455000	160485000	0.795232164221443	1
chr1	160460000	160480000	0.998360986687803	1
chr1	160460000	160485000	0.997698111854611	1
chr1	160460000	160510000	0.405344990203393	1
chr1	160465000	160485000	0.998275033031325	1
chr1	160465000	160570000	0.304048066567687	1
chr1	160475000	160495000	0.998317331905524	1
chr1	160475000	160500000	0.998008801875185	1
chr1	160475000	160505000	0.799250503367681	1
chr1	160480000	160500000	0.99852985209337	1
chr1	160485000	160505000	0.998214974547793	1
chr1	160510000	160575000	0.571875900807651	1
chr1	160515000	160535000	0.998245263369484	1
chr1	160515000	160545000	0.794447941885249	1
chr1	160515000	160565000	0.412660961620664	1
chr1	160515000	160570000	0.576052201369539	1
chr1	160515000	160575000	0.800109895534844	1
chr1	160520000	160540000	0.998757562626213	1
chr1	160520000	160550000	0.799744555242807	1
chr1	160520000	160570000	0.567329488243188	1
chr1	160520000	160575000	0.566274198317679	1
chr1	160525000	160545000	0.998089351818738	1
chr1	160525000	160555000	0.795411890237789	1
chr1	160525000	160565000	0.561807206713778	1
chr1	160525000	160570000	0.559546738231461	1
chr1	160525000	160575000	0.40686236688033	1
chr1	160530000	160550000	0.998037563408178	1
chr1	160530000	160570000	0.568168489644971	1
chr1	160535000	160555000	0.997890048221014	1
chr1	160540000	160565000	0.997842704974395	1
chr1	160545000	160565000	0.998463579382474	1
chr1	160550000	160570000	0.998214012781756	1
chr1	160615000	160635000	0.998323365766697	1
chr1	160650000	160670000	0.998196857663657	1
chr1	160655000	160675000	0.998510020580706	1
chr1	160685000	160735000	0.562200786674241	1
chr1	160690000	160735000	0.796671293614879	1
chr1	160690000	160740000	0.570358100326838	1
chr1	160690000	160745000	0.418075238671144	1
chr1	160690000	160795000	0.245840370734976	1
chr1	160695000	160725000	0.795785766239195	1
chr1	160695000	160730000	0.797782231417145	1
chr1	160695000	160735000	0.998469268027589	1
chr1	160695000	160740000	0.803171974890081	1
chr1	160695000	160745000	0.566613397185004	1
chr1	160695000	160795000	0.318675503289534	1
chr1	160695000	160800000	0.408378506513622	1
chr1	160700000	160720000	0.998099093783664	1
chr1	160700000	160730000	0.800594829878361	1
chr1	160700000	160735000	0.9980395889885	1
chr1	160700000	160740000	0.801151646173355	1
chr1	160705000	160725000	0.997964707959266	1
chr1	160705000	160735000	0.997880022610844	1
chr1	160705000	160740000	0.793600854386656	1
chr1	160705000	160745000	0.562214648333849	1
chr1	160710000	160730000	0.998737865000052	1
chr1	160710000	160735000	0.998139982799451	1
chr1	160710000	160740000	0.794570254736811	1
chr1	160715000	160735000	0.99999999999983	1
chr1	160720000	160740000	0.997730115812348	1
chr1	160745000	160795000	0.406645111927686	1
chr1	160745000	160800000	0.568033930049858	1
chr1	160750000	160795000	0.565210476307848	1
chr1	160775000	160795000	0.998311968550238	1
chr1	160520000	160555000	0.575292059366857	1
chr1	160400000	160455000	0.406552257751746	1
chr1	160680000	160735000	0.400063808329228	1
chr1	160685000	160740000	0.405800252753617	1
chr1	160740000	160795000	0.407267539200593	1
chr1	160155000	160220000	0.308887198928881	1
chr1	160430000	160500000	0.314287170237044	1
chr1	160650000	160735000	0.244310247430846	1
chr1	160165000	160255000	0.247050915647528	1
chr1	160395000	160545000	0.161577581301669	1
chr1	160400000	160550000	0.16449240023229	1
chr1	160425000	160575000	0.164897673656115	1
chr1	160175000	160210000	0.569502747859083	1
chr1	160530000	160565000	0.57158575953572	1
chr1	160535000	160570000	0.570793766500472	1
chr1	160470000	160555000	0.240965573821061	1
chr1	160425000	160515000	0.242127161839033	1
chr1	160480000	160570000	0.241516157928119	1
chr1	160395000	160590000	0.14312347959116	1
chr1	160690000	160800000	0.201227330505769	1
chr1	160275000	160310000	0.568067129020961	1
chr1	160525000	160560000	0.568425524378592	1
chr1	160420000	160505000	0.236856348505179	1
chr1	160405000	160520000	0.197343319525896	1
chr1	160535000	160560000	0.806725265813933	1
chr1	160700000	160725000	0.807930202853272	1
chr1	160265000	160300000	0.565866275032555	1
chr1	160405000	160440000	0.566242041668934	1
chr1	160455000	160490000	0.56650775168958	1
chr1	160400000	160545000	0.163438704417916	1
chr1	160280000	160305000	0.804198626881041	1
chr1	160455000	160480000	0.804798159698842	1
chr1	160520000	160545000	0.803950745627965	1
chr1	160545000	160570000	0.803800595813314	1
chr1	160510000	160570000	0.321453737385147	1
chr1	160435000	160570000	0.164973460779419	1
chr1	160370000	160575000	0.126489238825758	1
chr1	160175000	160200000	0.80344166960381	1
chr1	160230000	160255000	0.801209201018395	1
chr1	160275000	160300000	0.801890386478155	1
chr1	160400000	160425000	0.801614017339423	1
chr1	160415000	160440000	0.802275857520058	1
chr1	160450000	160475000	0.802149665299979	1
chr1	160490000	160515000	0.801364205082177	1
chr1	160525000	160550000	0.801424084714102	1
chr1	160400000	160535000	0.163100957604478	1
chr1	160405000	160430000	0.800560892246373	1
chr1	160445000	160470000	0.800527145183251	1
chr1	160515000	160540000	0.800371575662528	1
chr1	160765000	160790000	0.800549894988517	1
chr1	160440000	160570000	0.165695248425304	1
chr1	160395000	160560000	0.139285130845368	1
chr1	160190000	160215000	0.799355719030163	1
chr1	160435000	160460000	0.799501844460331	1
chr1	160465000	160490000	0.798903337884659	1
chr1	160650000	160675000	0.79926818112779	1
chr1	160770000	160795000	0.798866068731098	1
chr1	160490000	160570000	0.238203842590148	1
chr1	160165000	160190000	0.798151360151455	1
chr1	160180000	160205000	0.797998205330437	1
chr1	160695000	160720000	0.797331159014423	1
chr1	160185000	160220000	0.55990878271158	1
chr1	160615000	160640000	0.797083671717841	1
chr1	160165000	160245000	0.237698408641058	1
chr1	160430000	160455000	0.796622853432075	1
chr1	160690000	160725000	0.554944324204995	1
chr1	160165000	160225000	0.312365347782333	1
chr1	160420000	160575000	0.142734189468965	1
chr1	160385000	160565000	0.127918819652934	1
chr1	160405000	160465000	0.309626825331495	1
chr1	160425000	160485000	0.30902532601232	1
chr1	160520000	160565000	0.416900566148541	1
chr1	160530000	160555000	0.79533809053578	1
chr1	160705000	160730000	0.795589375184266	1
chr1	160745000	160770000	0.795486234952969	1
chr1	160380000	160580000	0.118800136830161	1
chr1	160235000	160260000	0.794980069771461	1
chr1	160425000	160450000	0.794702858715871	1
chr1	160410000	160570000	0.140433560436641	1
chr1	160735000	160795000	0.307268733204896	1
chr1	160385000	160585000	0.11835719328586	1
chr1	160440000	160500000	0.306451477741948	1
chr1	160740000	160800000	0.306030953379063	1
chr1	160175000	160220000	0.4152117979595	1
chr1	160415000	160490000	0.248487536040937	1
chr1	160385000	160570000	0.121207174432394	1
chr1	160455000	160500000	0.412175560562042	1
chr1	160745000	160790000	0.412067396650367	1
chr1	160400000	160555000	0.137447800350383	1
chr1	160690000	160750000	0.301842455135551	1
chr1	160410000	160505000	0.200418270002307	1
chr1	160180000	160225000	0.410734318053667	1
chr1	160700000	160745000	0.41068799216557	1
chr1	160405000	160555000	0.141313264138605	1
chr1	160425000	160520000	0.198911462949536	1
chr1	160515000	160560000	0.408675931525766	1
chr1	160425000	160570000	0.141337053325919	1
chr1	160415000	160460000	0.408639978947346	1
chr1	160495000	160570000	0.241813702785007	1
chr1	160460000	160505000	0.407979473455107	1
chr1	160170000	160215000	0.406416786076578	1
chr1	160430000	160575000	0.139429108518798	1
chr1	160395000	160540000	0.138443974270429	1
chr1	160695000	160790000	0.195379541540799	1
chr1	160420000	160510000	0.202417921079342	1
chr1	160405000	160545000	0.140871536307699	1
chr1	160420000	160495000	0.237381363871838	1
chr1	160405000	160495000	0.20086336334073	1
chr1	160695000	160805000	0.169043757550468	1
chr1	160170000	160260000	0.198290357049683	1
chr1	160420000	160490000	0.251055536732051	1
chr1	160435000	160490000	0.317570223841932	1
chr1	160395000	160555000	0.122280670171018	1
chr1	160490000	160575000	0.20414635602783	1
chr1	160645000	160735000	0.193899314722462	1
chr1	160430000	160515000	0.202654150056877	1
chr1	160440000	160495000	0.312450142557861	1
chr1	160400000	160485000	0.201996361408107	1
chr1	160425000	160510000	0.199672353482645	1
chr1	160435000	160505000	0.242202276118999	1
chr1	160375000	160575000	0.101144237276356	1
chr1	160445000	160500000	0.30958282959756	1
chr1	160430000	160485000	0.309090566690803	1
chr1	160695000	160750000	0.30853861822798	1
chr1	160390000	160555000	0.113947642830086	1
chr1	160700000	160755000	0.307717683720553	1
chr1	160415000	160500000	0.197815889120497	1
chr1	160695000	160765000	0.240102880165182	1
chr1	160445000	160515000	0.239987040842205	1
chr1	160405000	160530000	0.141095165795412	1
chr1	160505000	160575000	0.238416191127549	1
chr1	160410000	160495000	0.196007542727016	1
chr1	160170000	160225000	0.30443440202802	1
chr1	160390000	160590000	0.0963867303554181	1
chr1	160390000	160515000	0.138217305111118	1
chr1	160450000	160570000	0.141916285862598	1
chr1	160390000	160560000	0.106734514742803	1
chr1	160400000	160480000	0.201444578894417	1
chr1	160470000	160570000	0.163325731161475	1
chr1	160415000	160515000	0.163268081606176	1
chr1	160410000	160510000	0.163213497401964	1
chr1	160700000	160800000	0.162805892211211	1
chr1	160415000	160480000	0.247020418342517	1
chr1	160400000	160540000	0.121470285202488	1
chr1	160390000	160510000	0.137884574933701	1
chr1	160460000	160560000	0.161560803748084	1
chr1	160515000	160580000	0.246248334021232	1
chr1	160410000	160490000	0.199363197556461	1
chr1	160690000	160790000	0.161093532571953	1
chr1	160675000	160740000	0.245751363536361	1
chr1	160425000	160490000	0.244398542880559	1
chr1	160465000	160565000	0.159570991660509	1
chr1	160390000	160550000	0.106944498892338	1
chr1	160430000	160570000	0.119098408159283	1
chr1	160400000	160590000	0.0930716804615059	1
chr1	160655000	160735000	0.196775850809391	1
chr1	160440000	160505000	0.243247028179429	1
chr1	160405000	160485000	0.195933454993768	1
chr1	160410000	160475000	0.242645815575046	1
chr1	160650000	160745000	0.165543803766481	1
chr1	160400000	160495000	0.165383617249057	1
chr1	160410000	160525000	0.1391632743055	1
chr1	160440000	160575000	0.120819572944062	1
chr1	160645000	160740000	0.164049846823331	1
chr1	160420000	160515000	0.164019997525555	1
chr1	160425000	160560000	0.119955347856928	1
chr1	160155000	160265000	0.142492865136642	1
chr1	160410000	160520000	0.14240732660968	1
chr1	160515000	160555000	0.414538779331748	1
chr1	160460000	160500000	0.413678637121642	1
chr1	160690000	160730000	0.413239513550195	1
chr1	160400000	160530000	0.120499966783295	1
chr1	160465000	160505000	0.411486492683187	1
chr1	160400000	160440000	0.411446843731659	1
chr1	160410000	160555000	0.10961441336557	1
chr1	160395000	160525000	0.119806885068805	1
chr1	160650000	160690000	0.410577057041298	1
chr1	160420000	160570000	0.106600009935615	1
chr1	160160000	160270000	0.139360432446312	1
chr1	160160000	160345000	0.0895446942180275	1
chr1	160365000	160580000	0.0803713453099072	1
chr1	160165000	160205000	0.410084139771467	1
chr1	160750000	160800000	0.314334301939548	1
chr1	160160000	160200000	0.409695150928356	1
chr1	160435000	160475000	0.409324671296739	1
chr1	160410000	160540000	0.118719106456256	1
chr1	160455000	160575000	0.128215944670132	1
chr1	160510000	160550000	0.408884022092563	1
chr1	160395000	160550000	0.102411807427203	1
chr1	160450000	160575000	0.123035647009881	1
chr1	160700000	160750000	0.313128873582338	1
chr1	160435000	160510000	0.200543658741394	1
chr1	160410000	160450000	0.408248005786922	1
chr1	160405000	160550000	0.107812515400433	1
chr1	160270000	160310000	0.407588749822204	1
chr1	160260000	160300000	0.407283886276551	1
chr1	160745000	160785000	0.407129071757314	1
chr1	160160000	160265000	0.142557190316479	1
chr1	160420000	160460000	0.406411494886363	1
chr1	160400000	160565000	0.0955755954438394	1
chr1	160450000	160560000	0.136141324508513	1
chr1	160440000	160565000	0.121157722464994	1
chr1	160180000	160220000	0.4057967817806	1
chr1	160155000	160345000	0.0850144900459476	1
chr1	160430000	160505000	0.198006921250389	1
chr1	160755000	160795000	0.405272989716721	1
chr1	160390000	160540000	0.103278760887489	1
chr1	160405000	160480000	0.197451660234622	1
chr1	160410000	160560000	0.102994151578104	1
chr1	160705000	160755000	0.309428508008003	1
chr1	160425000	160465000	0.403754797582448	1
chr1	160175000	160225000	0.30860745874059	1
chr1	160415000	160560000	0.105155139350125	1
chr1	160520000	160560000	0.403338996405402	1
chr1	160395000	160595000	0.0810320935116809	1
chr1	160405000	160580000	0.0897044574569719	1
chr1	160380000	160570000	0.0834972385749573	1
chr1	160435000	160575000	0.107562745871941	1
chr1	160440000	160490000	0.306848161486314	1
chr1	160155000	160205000	0.306648203647824	1
chr1	160400000	160525000	0.118405298237481	1
chr1	160680000	160740000	0.248398797915395	1
chr1	160155000	160260000	0.138675165963091	1
chr1	160655000	160740000	0.170550720042318	1
chr1	160395000	160535000	0.106617988679574	1
chr1	160435000	160495000	0.246907342220363	1
chr1	160380000	160565000	0.0833039779806235	1
chr1	160400000	160560000	0.0930698998178278	1
chr1	160400000	160460000	0.244942430509922	1
chr1	160155000	160215000	0.243967527829485	1
chr1	160385000	160550000	0.0900094982994883	1
chr1	160700000	160760000	0.243848557468628	1
chr1	160485000	160570000	0.166928768207218	1
chr1	160680000	160800000	0.119588248367679	1
chr1	160510000	160580000	0.205139136569051	1
chr1	160360000	160575000	0.0725069594446677	1
chr1	160765000	160795000	0.573689439090579	1
chr1	160535000	160565000	0.573444950091862	1
chr1	160460000	160490000	0.573365103191512	1
chr1	160385000	160560000	0.084514060290083	1
chr1	160610000	160640000	0.57252738259632	1
chr1	160370000	160570000	0.0755143758577387	1
chr1	160675000	160735000	0.240372178914229	1
chr1	160385000	160520000	0.105038509664911	1
chr1	160420000	160480000	0.240178135530217	1
chr1	160180000	160210000	0.571298576555975	1
chr1	160160000	160245000	0.163467530668741	1
chr1	160405000	160525000	0.116664234001301	1
chr1	160400000	160500000	0.138015689697462	1
chr1	160680000	160750000	0.201339693762772	1
chr1	160540000	160570000	0.570055464420404	1
chr1	160380000	160585000	0.0729339647238801	1
chr1	160530000	160560000	0.569519954540804	1
chr1	160230000	160260000	0.569430482952667	1
chr1	160440000	160470000	0.569420527634376	1
chr1	160410000	160530000	0.115245707785959	1
chr1	160405000	160535000	0.106547549501051	1
chr1	160410000	160480000	0.199864433359757	1
chr1	160165000	160195000	0.568355635077428	1
chr1	160400000	160585000	0.0780028501075624	1
chr1	160410000	160440000	0.568023985620251	1
chr1	160770000	160800000	0.567473635716613	1
chr1	160545000	160575000	0.567359687778466	1
chr1	160510000	160540000	0.567326528841742	1
chr1	160375000	160565000	0.0751054545674299	1
chr1	160160000	160190000	0.565663152082601	1
chr1	160260000	160290000	0.565659763226354	1
chr1	160405000	160475000	0.197581772937789	1
chr1	160430000	160510000	0.170059293395311	1
chr1	160485000	160555000	0.197176389687422	1
chr1	160410000	160535000	0.108232171521689	1
chr1	160165000	160250000	0.158884076319329	1
chr1	160410000	160565000	0.0885850139860837	1
chr1	160175000	160205000	0.563859708128392	1
chr1	160430000	160560000	0.103720340488047	1
chr1	160475000	160570000	0.140503101570462	1
chr1	160350000	160575000	0.0650460726512074	1
