chr1	27735000	27925000	0.140647703807491	1
chr1	27735000	27930000	0.194056545867171	1
chr1	27740000	27815000	0.312018791948658	1
chr1	27740000	27930000	0.197052597299489	1
chr1	27745000	27765000	0.998687101706442	1
chr1	27745000	27795000	0.408187102739925	1
chr1	27745000	27805000	0.413790905588835	1
chr1	27745000	27810000	0.315958271756767	1
chr1	27750000	27800000	0.413239513550195	1
chr1	27755000	27775000	0.99795319549942	1
chr1	27755000	27795000	0.565109795540571	1
chr1	27755000	27805000	0.418446835377573	1
chr1	27755000	27815000	0.407129071757314	1
chr1	27760000	27795000	0.796175672908278	1
chr1	27760000	27800000	0.569519954540804	1
chr1	27760000	27805000	0.569420527634376	1
chr1	27760000	27810000	0.563859708128392	1
chr1	27765000	27785000	0.998317331905524	1
chr1	27765000	27795000	0.797876795646073	1
chr1	27765000	27800000	0.801209201018395	1
chr1	27765000	27805000	0.794980069771461	1
chr1	27765000	27810000	0.795489516681574	1
chr1	27765000	27815000	0.562801146082429	1
chr1	27770000	27790000	0.998510020580706	1
chr1	27770000	27795000	0.99852742120551	1
chr1	27770000	27800000	0.998275033031325	1
chr1	27770000	27810000	0.797698156924038	1
chr1	27770000	27815000	0.55682657845846	1
chr1	27775000	27795000	0.998589503039498	1
chr1	27775000	27800000	0.998209584767306	1
chr1	27775000	27805000	0.800227191545072	1
chr1	27775000	27810000	0.798189060188181	1
chr1	27780000	27800000	0.99860998750556	1
chr1	27780000	27810000	0.800154364968364	1
chr1	27785000	27805000	0.998316839446299	1
chr1	27790000	27810000	0.998040974841874	1
chr1	27820000	27840000	0.997918523952116	1
chr1	27820000	27845000	0.997925086333926	1
chr1	27825000	27845000	0.998364153497661	1
chr1	27860000	27880000	0.99755761783125	1
chr1	27885000	27925000	0.560422531800793	1
chr1	27895000	27925000	0.80282396174954	1
chr1	27900000	27920000	0.998106195788791	1
chr1	27930000	27980000	0.418192703220837	1
chr1	27930000	27985000	0.997527490524233	1
chr1	27930000	27990000	0.997730115812348	1
chr1	27930000	27995000	0.313935666402645	1
chr1	27935000	27955000	0.998430769836734	1
chr1	27935000	27965000	0.799355719030163	1
chr1	27935000	27975000	0.571678367488456	1
chr1	27935000	27980000	0.80513727521177	1
chr1	27935000	27985000	0.99999999999983	1
chr1	27935000	27990000	0.998502790413295	1
chr1	27935000	27995000	0.414401990143568	1
chr1	27940000	27960000	0.998169641529027	1
chr1	27940000	27980000	0.800604812063274	1
chr1	27940000	27985000	0.997735595019874	1
chr1	27940000	27990000	0.801500033477521	1
chr1	27945000	27975000	0.797083671717841	1
chr1	27945000	27980000	0.801194391855083	1
chr1	27945000	27985000	0.998449595794474	1
chr1	27945000	27990000	0.569502747859083	1
chr1	27950000	27980000	0.997964707959266	1
chr1	27950000	27985000	0.998397299668271	1
chr1	27950000	27990000	0.564855936094765	1
chr1	27955000	27975000	0.998500263100086	1
chr1	27955000	27980000	0.998712462744689	1
chr1	27955000	27985000	0.998473822055653	1
chr1	27960000	27980000	0.99999999999983	1
chr1	27960000	27985000	0.998725802805063	1
chr1	27965000	27985000	0.99999999999983	1
chr1	27995000	28045000	0.567891635208514	1
chr1	28015000	28035000	0.998331258315928	1
chr1	28015000	28045000	0.795785766239195	1
chr1	28020000	28040000	0.998008801875185	1
chr1	28170000	28295000	0.197435455478061	1
chr1	28170000	28300000	0.193494678819209	1
chr1	28170000	28305000	0.196030362908483	1
chr1	28170000	28310000	0.24307196761007	1
chr1	28170000	28315000	0.200661007470874	1
chr1	28175000	28295000	0.239987040842205	1
chr1	28175000	28300000	0.247315471688599	1
chr1	28175000	28305000	0.243468103230995	1
chr1	28175000	28315000	0.198316782013206	1
chr1	28180000	28285000	0.246181538190513	1
chr1	28180000	28290000	0.238203842590148	1
chr1	28180000	28295000	0.245247512402251	1
chr1	28180000	28300000	0.316510515014733	1
chr1	28180000	28305000	0.414886700921714	1
chr1	28180000	28310000	0.244968574180748	1
chr1	28185000	28265000	0.306287239263363	1
chr1	28185000	28280000	0.244641771604172	1
chr1	28185000	28290000	0.310016166242334	1
chr1	28185000	28295000	0.314334301939548	1
chr1	28185000	28300000	0.5727260339475	1
chr1	28185000	28305000	0.572688601190788	1
chr1	28185000	28310000	0.307886638938575	1
chr1	28190000	28210000	0.998079165337059	1
chr1	28190000	28280000	0.251791513408737	1
chr1	28190000	28300000	0.240965573821061	1
chr1	28190000	28305000	0.246168261516774	1
chr1	28195000	28215000	0.998495873920871	1
chr1	28215000	28235000	0.998354178914718	1
chr1	28240000	28260000	0.997929350015282	1
chr1	28250000	28280000	0.795589375184266	1
chr1	28355000	28375000	0.997842704974395	1
chr1	28385000	28405000	0.998249033339325	1
chr1	28405000	28525000	0.191268038046154	1
chr1	28410000	28520000	0.241322173062675	1
chr1	28410000	28525000	0.2442822467212	1
chr1	28410000	28530000	0.310524965143879	1
chr1	28410000	28535000	0.413640007166584	1
chr1	28415000	28435000	0.997766403630964	1
chr1	28415000	28460000	0.566038668592179	1
chr1	28415000	28465000	0.41212838997402	1
chr1	28415000	28490000	0.405800252753617	1
chr1	28415000	28495000	0.415295339897373	1
chr1	28415000	28500000	0.566274198317679	1
chr1	28415000	28505000	0.408080455307824	1
chr1	28415000	28510000	0.243204493266173	1
chr1	28415000	28515000	0.24339297824901	1
chr1	28415000	28520000	0.407888016538409	1
chr1	28415000	28525000	0.414538779331748	1
chr1	28415000	28530000	0.998099093783664	1
chr1	28415000	28535000	0.808302606609395	1
chr1	28415000	28540000	0.318074844924205	1
chr1	28415000	28550000	0.198611141919339	1
chr1	28420000	28450000	0.796671293614879	1
chr1	28420000	28455000	0.794832033652425	1
chr1	28420000	28460000	0.56293195699558	1
chr1	28420000	28470000	0.569206780129147	1
chr1	28420000	28475000	0.556198048408719	1
chr1	28420000	28490000	0.409746728486007	1
chr1	28420000	28495000	0.412742680618779	1
chr1	28420000	28500000	0.410731331305225	1
chr1	28420000	28510000	0.248398797915395	1
chr1	28420000	28520000	0.241381731758343	1
chr1	28420000	28525000	0.570378584442759	1
chr1	28420000	28530000	0.417510696487849	1
chr1	28420000	28535000	0.56404108914116	1
chr1	28420000	28540000	0.406217592326537	1
chr1	28425000	28445000	0.997880022610844	1
chr1	28425000	28490000	0.317150039338369	1
chr1	28425000	28495000	0.408002037069541	1
chr1	28425000	28500000	0.301842455135551	1
chr1	28425000	28525000	0.247050915647528	1
chr1	28425000	28530000	0.307968125682057	1
chr1	28425000	28535000	0.248684418582059	1
chr1	28430000	28450000	0.997907928596911	1
chr1	28430000	28530000	0.243670692057397	1
chr1	28430000	28535000	0.40593453219298	1
chr1	28435000	28455000	0.998356168387936	1
chr1	28435000	28465000	0.796970659757791	1
chr1	28435000	28475000	0.561052622418176	1
chr1	28435000	28495000	0.41433277570826	1
chr1	28440000	28460000	0.999032875333246	1
chr1	28440000	28470000	0.799744555242807	1
chr1	28440000	28490000	0.406122450121638	1
chr1	28445000	28465000	0.998338237169652	1
chr1	28445000	28495000	0.401736919321769	1
chr1	28450000	28470000	0.998571080673063	1
chr1	28450000	28495000	0.566613397185004	1
chr1	28450000	28525000	0.412067396650367	1
chr1	28455000	28495000	0.560643040252364	1
chr1	28460000	28490000	0.796458951273235	1
chr1	28465000	28495000	0.796529589535935	1
chr1	28470000	28490000	0.998734987871788	1
chr1	28470000	28495000	0.998212992950403	1
chr1	28475000	28495000	0.998386547610165	1
chr1	28495000	28525000	0.801890386478155	1
chr1	28500000	28520000	0.99999999999983	1
chr1	28500000	28525000	0.998688254570091	1
chr1	28500000	28530000	0.797998205330437	1
chr1	28505000	28525000	0.998524298952033	1
chr1	27740000	27795000	0.411714361305587	1
chr1	27745000	27800000	0.407847099472262	1
chr1	27750000	27805000	0.408194640362996	1
chr1	27755000	27810000	0.406627161086206	1
chr1	27760000	27815000	0.413396742495794	1
chr1	28415000	28470000	0.411477795872511	1
chr1	28440000	28495000	0.408518408708801	1
chr1	27740000	27805000	0.312509454817865	1
chr1	27925000	27990000	0.308519408146853	1
chr1	28420000	28485000	0.311762844749448	1
chr1	28435000	28500000	0.311220014085825	1
chr1	28460000	28525000	0.310974519504503	1
chr1	27740000	27810000	0.30443440202802	1
chr1	27745000	27815000	0.307051186130779	1
chr1	28415000	28485000	0.307546244594106	1
chr1	27735000	27820000	0.243676352938815	1
chr1	28180000	28265000	0.244398542880559	1
chr1	28420000	28505000	0.243967527829485	1
chr1	28440000	28525000	0.241813702785007	1
chr1	28410000	28500000	0.245724062033176	1
chr1	28180000	28330000	0.166792788740335	1
chr1	28390000	28540000	0.162842308290291	1
chr1	27750000	27785000	0.569243688477365	1
chr1	27770000	27805000	0.571785744207808	1
chr1	28435000	28470000	0.571653436011528	1
chr1	28460000	28495000	0.572630432866606	1
chr1	28495000	28530000	0.571875900807651	1
chr1	28165000	28305000	0.165889498492998	1
chr1	28180000	28320000	0.165899360731687	1
chr1	27735000	27910000	0.144888449645789	1
chr1	28410000	28495000	0.238396640720004	1
chr1	28180000	28315000	0.169054785527067	1
chr1	27935000	27970000	0.56882944766449	1
chr1	28465000	28500000	0.568366589426951	1
chr1	28425000	28540000	0.199610730438185	1
chr1	28400000	28530000	0.169562667425176	1
chr1	27760000	27785000	0.807930202853272	1
chr1	27935000	27960000	0.806210037766824	1
chr1	27940000	27965000	0.806775778842327	1
chr1	27950000	27975000	0.806626715430154	1
chr1	27780000	27815000	0.567085508468117	1
chr1	28010000	28045000	0.567326528841742	1
chr1	28425000	28460000	0.56650775168958	1
chr1	28175000	28285000	0.197895149739523	1
chr1	28190000	28215000	0.803800595813314	1
chr1	28425000	28450000	0.80373524157065	1
chr1	28175000	28310000	0.165543803766481	1
chr1	27785000	27810000	0.802817423326954	1
chr1	28015000	28040000	0.802643244763989	1
chr1	28060000	28085000	0.801596353911959	1
chr1	28495000	28520000	0.802371450950569	1
chr1	28455000	28490000	0.565268138138942	1
chr1	28425000	28505000	0.242762005831681	1
chr1	28430000	28510000	0.240799752468671	1
chr1	28165000	28300000	0.163213497401964	1
chr1	27765000	27790000	0.800528815544018	1
chr1	27780000	27805000	0.800549894988517	1
chr1	28435000	28460000	0.800351908152377	1
chr1	28445000	28470000	0.800939056359742	1
chr1	28415000	28545000	0.164760108588672	1
chr1	28420000	28445000	0.799945270599387	1
chr1	28430000	28455000	0.80020740525447	1
chr1	27890000	27925000	0.5618973984761	1
chr1	28200000	28235000	0.562410682776356	1
chr1	28500000	28535000	0.562200786674241	1
chr1	27945000	27970000	0.798866068731098	1
chr1	28055000	28080000	0.798766852678389	1
chr1	28210000	28235000	0.799733336809504	1
chr1	28215000	28240000	0.798903337884659	1
chr1	28255000	28280000	0.798371578792862	1
chr1	28460000	28485000	0.79926818112779	1
chr1	28465000	28490000	0.799224070389148	1
chr1	27885000	27920000	0.561821993564413	1
chr1	28415000	28475000	0.3171753558595	1
chr1	28175000	28280000	0.196769479234071	1
chr1	27825000	27850000	0.797782231417145	1
chr1	28440000	28475000	0.560438478194774	1
chr1	28190000	28295000	0.195705489210342	1
chr1	28120000	28145000	0.797331159014423	1
chr1	27940000	27975000	0.559546738231461	1
chr1	28055000	28090000	0.558908828578333	1
chr1	27755000	27780000	0.796706388816014	1
chr1	28320000	28355000	0.555485003178442	1
chr1	27760000	27820000	0.312272799588051	1
chr1	28430000	28540000	0.190864865670165	1
chr1	28425000	28470000	0.419423862965918	1
chr1	28460000	28520000	0.311268468038835	1
chr1	28430000	28490000	0.310529087917102	1
chr1	28185000	28315000	0.158884076319329	1
chr1	27740000	27800000	0.309082464134236	1
chr1	27750000	27775000	0.795486234952969	1
chr1	27815000	27840000	0.79533809053578	1
chr1	27850000	27875000	0.79524275518032	1
chr1	27745000	27820000	0.251055536732051	1
chr1	28185000	28285000	0.201227330505769	1
chr1	27740000	27765000	0.794570254736811	1
chr1	27900000	27925000	0.794447941885249	1
chr1	28185000	28245000	0.307484599056764	1
chr1	27755000	27800000	0.4152117979595	1
chr1	28000000	28045000	0.415842805420026	1
chr1	28435000	28530000	0.202957426960514	1
chr1	27745000	27790000	0.413543955909264	1
chr1	28195000	28240000	0.413682784277204	1
chr1	27740000	27925000	0.121409431217584	1
chr1	28425000	28550000	0.160931744866427	1
chr1	27735000	27985000	0.0980247089819306	1
chr1	28475000	28520000	0.410726433300655	1
chr1	28455000	28500000	0.410424387384449	1
chr1	28400000	28550000	0.140571191993061	1
chr1	28420000	28465000	0.409219471931408	1
chr1	28390000	28535000	0.141715171872401	1
chr1	27740000	27785000	0.408248005786922	1
chr1	27755000	27930000	0.122668034353159	1
chr1	28410000	28505000	0.19773056408942	1
chr1	28440000	28535000	0.197912076255871	1
chr1	27880000	27925000	0.4057967817806	1
chr1	27930000	27975000	0.405796113377935	1
chr1	28430000	28505000	0.240321169168432	1
chr1	28380000	28530000	0.136748215469129	1
chr1	28440000	28485000	0.404700247567294	1
chr1	28190000	28285000	0.194642522871114	1
chr1	28435000	28480000	0.402876293732146	1
chr1	27745000	27925000	0.116761505103937	1
chr1	28400000	28540000	0.140479042354491	1
chr1	28195000	28305000	0.168974486355995	1
chr1	28365000	28535000	0.119939678341561	1
chr1	28395000	28530000	0.141362851025065	1
chr1	28395000	28535000	0.138210284246401	1
chr1	28410000	28540000	0.145109004303728	1
chr1	28370000	28540000	0.119284572505598	1
chr1	28180000	28255000	0.234469218738802	1
chr1	28420000	28550000	0.143741122588774	1
chr1	28410000	28545000	0.139519117160178	1
chr1	28185000	28275000	0.195693319120255	1
chr1	27735000	27895000	0.122383411579037	1
chr1	28455000	28525000	0.248715541521855	1
chr1	27745000	27850000	0.169872573741129	1
chr1	28425000	28515000	0.194168728022217	1
chr1	28370000	28530000	0.121157722464994	1
chr1	28185000	28270000	0.201299619240621	1
chr1	27735000	27870000	0.136209430365486	1
chr1	28185000	28255000	0.244090146662176	1
chr1	28475000	28530000	0.311052459368061	1
chr1	28430000	28520000	0.189988828701432	1
chr1	28430000	28515000	0.199855864678714	1
chr1	28425000	28510000	0.199187407738349	1
chr1	28175000	28320000	0.12751809976757	1
chr1	28445000	28500000	0.30953021820625	1
chr1	28185000	28240000	0.309173714226867	1
chr1	28400000	28535000	0.134568239045595	1
chr1	28430000	28485000	0.308887198928881	1
chr1	28405000	28535000	0.137768571067214	1
chr1	27745000	27930000	0.105741504283127	1
chr1	28380000	28540000	0.117650202746695	1
chr1	28470000	28525000	0.308330029810507	1
chr1	28405000	28530000	0.142104645974029	1
chr1	28435000	28490000	0.307443134990974	1
chr1	27740000	27935000	0.101075940835292	1
chr1	28430000	28500000	0.240145940717852	1
chr1	28425000	28480000	0.306631617513663	1
chr1	28435000	28520000	0.197176389687422	1
chr1	28420000	28545000	0.141352160063721	1
chr1	28385000	28535000	0.122325224481382	1
chr1	27735000	27990000	0.0834972385749573	1
chr1	28435000	28505000	0.236856348505179	1
chr1	27735000	27915000	0.104013589123738	1
chr1	28370000	28535000	0.110292204807419	1
chr1	28180000	28280000	0.16613550688314	1
chr1	28440000	28520000	0.20414635602783	1
chr1	28190000	28290000	0.165508277948473	1
chr1	28160000	28315000	0.114758963701705	1
chr1	27740000	27990000	0.0813646785978121	1
chr1	28415000	28480000	0.249532697863423	1
chr1	28345000	28540000	0.0945626513162099	1
chr1	28435000	28535000	0.161684745024225	1
chr1	28375000	28540000	0.105487836353649	1
chr1	28410000	28550000	0.120958595692165	1
chr1	28170000	28330000	0.107812515400433	1
chr1	27740000	27905000	0.104161252020668	1
chr1	28430000	28525000	0.1661672491042	1
chr1	28445000	28525000	0.195491398530311	1
chr1	27740000	27855000	0.1391632743055	1
chr1	27750000	27815000	0.241516157928119	1
chr1	27740000	27850000	0.143756337305961	1
chr1	27750000	27790000	0.416900566148541	1
chr1	28420000	28515000	0.163073974144663	1
chr1	28425000	28465000	0.414781806117937	1
chr1	27775000	27815000	0.414704051839678	1
chr1	28445000	28535000	0.171073850486175	1
chr1	28425000	28520000	0.162331497850554	1
chr1	28445000	28485000	0.413712202632171	1
chr1	28430000	28470000	0.413468375199618	1
chr1	28395000	28520000	0.125817710506997	1
chr1	27735000	27845000	0.140871536307699	1
chr1	28175000	28290000	0.135224549932042	1
chr1	28440000	28530000	0.169829077038182	1
chr1	28460000	28500000	0.412629614606859	1
chr1	27745000	27785000	0.412175560562042	1
chr1	28395000	28525000	0.120530120727141	1
chr1	28450000	28490000	0.411896267816056	1
chr1	27735000	27860000	0.124922700871427	1
chr1	27745000	27920000	0.0944500277400874	1
chr1	27930000	27970000	0.411280413121912	1
chr1	28160000	28305000	0.109374859360026	1
chr1	28485000	28525000	0.409416140943255	1
chr1	28185000	28235000	0.313687290141863	1
chr1	27995000	28035000	0.409064727407668	1
chr1	27880000	27930000	0.313593135252165	1
chr1	28490000	28530000	0.408884022092563	1
chr1	28185000	28225000	0.408769784283486	1
chr1	28170000	28290000	0.127918819652934	1
chr1	28055000	28095000	0.40872959284892	1
chr1	28170000	28320000	0.105462591155553	1
chr1	28415000	28455000	0.407588749822204	1
chr1	27740000	27915000	0.092318324030756	1
chr1	28195000	28285000	0.165753779763419	1
chr1	28455000	28530000	0.199529442846821	1
chr1	27735000	27935000	0.0831331592048573	1
chr1	28165000	28290000	0.121503217073406	1
chr1	27880000	27920000	0.405344990203393	1
chr1	28395000	28500000	0.141274143079627	1
chr1	28475000	28525000	0.310110248315634	1
chr1	28425000	28475000	0.309943224280171	1
chr1	28430000	28480000	0.309626825331495	1
chr1	28380000	28525000	0.10575162476612	1
chr1	28450000	28500000	0.308971118234463	1
chr1	27875000	27925000	0.308800821934878	1
chr1	28405000	28495000	0.163100957604478	1
chr1	28460000	28510000	0.30860745874059	1
chr1	27735000	27880000	0.104961196907983	1
chr1	28165000	28310000	0.104630160799406	1
chr1	28455000	28505000	0.307439961131276	1
chr1	28435000	28510000	0.195475413180499	1
chr1	27735000	27920000	0.0850144900459476	1
chr1	27865000	27905000	0.401782065658432	1
chr1	28465000	28515000	0.306917732687241	1
chr1	28225000	28275000	0.306848161486314	1
chr1	27745000	27890000	0.103994138989461	1
chr1	27740000	27865000	0.118405298237481	1
chr1	28365000	28545000	0.0867591976879944	1
chr1	28470000	28520000	0.306256321564856	1
chr1	27735000	27840000	0.138431999691476	1
chr1	27735000	27900000	0.0925511964606623	1
chr1	28400000	28545000	0.103488219953007	1
chr1	28410000	28485000	0.194209085186848	1
chr1	28425000	28485000	0.247643990481834	1
chr1	27740000	27825000	0.170094211811621	1
chr1	28190000	28240000	0.305352441207205	1
chr1	28180000	28345000	0.0920689333960757	1
chr1	27740000	27845000	0.137504059250148	1
chr1	28420000	28480000	0.246687066622318	1
chr1	28445000	28530000	0.168962107090138	1
chr1	27740000	27920000	0.0850826985271	1
chr1	27750000	27825000	0.192439302549844	1
chr1	28395000	28540000	0.102063758234309	1
chr1	27750000	27810000	0.245766927107989	1
chr1	28175000	28335000	0.0935052972720252	1
chr1	27845000	27895000	0.303442271417805	1
chr1	28185000	28320000	0.108786664396556	1
chr1	28440000	28500000	0.245502484373602	1
chr1	28400000	28515000	0.125041119686822	1
chr1	27760000	27790000	0.576817890788781	1
chr1	27735000	27855000	0.120063067693152	1
chr1	27750000	27990000	0.0675252988571499	1
chr1	27745000	27910000	0.0900284498374772	1
chr1	28465000	28525000	0.243659667304991	1
chr1	28450000	28510000	0.243261488988996	1
chr1	28360000	28535000	0.0854748736673936	1
chr1	28180000	28340000	0.0917893733814013	1
chr1	28360000	28540000	0.0833131825118779	1
chr1	27925000	27985000	0.242752376227663	1
chr1	28005000	28035000	0.574351566216927	1
chr1	27740000	27895000	0.093762054203216	1
chr1	27860000	27920000	0.241833569340799	1
chr1	28330000	28545000	0.0716683040961613	1
chr1	28160000	28310000	0.0958901747951063	1
chr1	28430000	28545000	0.122122354190355	1
chr1	28165000	28320000	0.0930158841496927	1
chr1	28445000	28505000	0.240926837112321	1
chr1	27890000	27920000	0.572272051785449	1
chr1	27740000	27900000	0.0899090211545682	1
chr1	27940000	27970000	0.571420813153478	1
chr1	27745000	27875000	0.10777433925302	1
chr1	27740000	27985000	0.0639482309839755	1
chr1	28190000	28220000	0.570307668998174	1
