chr16	85845000	86010000	0.239366741562363	1
chr16	85845000	86015000	0.244443949792402	1
chr16	85845000	86020000	0.405606168417696	1
chr16	85845000	86035000	0.143979674674302	1
chr16	85845000	86040000	0.241430232535574	1
chr16	85845000	86045000	0.562410682776356	1
chr16	85845000	86050000	0.576676785534892	1
chr16	85845000	86055000	0.407718010972547	1
chr16	85845000	86060000	0.202064331237016	1
chr16	85845000	86065000	0.163624721541241	1
chr16	85850000	85925000	0.408518408708801	1
chr16	85850000	85935000	0.312450142557861	1
chr16	85850000	85940000	0.308141828496171	1
chr16	85850000	85945000	0.240321169168432	1
chr16	85850000	86005000	0.311306979111197	1
chr16	85850000	86010000	0.410084139771467	1
chr16	85850000	86015000	0.570358100326838	1
chr16	85850000	86020000	0.802275857520058	1
chr16	85850000	86025000	0.4159552622813	1
chr16	85850000	86030000	0.414612580243769	1
chr16	85850000	86035000	0.562086047928196	1
chr16	85850000	86040000	0.56264960950746	1
chr16	85850000	86045000	0.998601036078431	1
chr16	85850000	86050000	0.998729905298596	1
chr16	85850000	86055000	0.57191757854427	1
chr16	85850000	86060000	0.407588749822204	1
chr16	85850000	86065000	0.308640631388916	1
chr16	85850000	86075000	0.137755295564908	1
chr16	85855000	85885000	0.79960828963541	1
chr16	85855000	85890000	0.79524275518032	1
chr16	85855000	85915000	0.565210476307848	1
chr16	85855000	85920000	0.573494283478545	1
chr16	85855000	85925000	0.997880022610844	1
chr16	85855000	85930000	0.793600854386656	1
chr16	85855000	85935000	0.568409789522697	1
chr16	85855000	85940000	0.563495887798368	1
chr16	85855000	85945000	0.321562728018547	1
chr16	85855000	85960000	0.246226339721404	1
chr16	85855000	85965000	0.242675513400722	1
chr16	85855000	85970000	0.306256321564856	1
chr16	85855000	85975000	0.194840400319425	1
chr16	85855000	85980000	0.311268468038835	1
chr16	85855000	85990000	0.197052597299489	1
chr16	85855000	85995000	0.247534937733639	1
chr16	85855000	86005000	0.308330029810507	1
chr16	85855000	86010000	0.414880927926877	1
chr16	85855000	86015000	0.800351908152377	1
chr16	85855000	86020000	0.997698111854611	1
chr16	85855000	86025000	0.573750292565385	1
chr16	85855000	86030000	0.404700247567294	1
chr16	85855000	86035000	0.562801146082429	1
chr16	85855000	86040000	0.797331159014423	1
chr16	85855000	86045000	0.99852985209337	1
chr16	85855000	86050000	0.998430769836734	1
chr16	85855000	86055000	0.567891635208514	1
chr16	85855000	86060000	0.197451660234622	1
chr16	85860000	85880000	0.997890048221014	1
chr16	85860000	85885000	0.998418253600308	1
chr16	85860000	85895000	0.80499729492486	1
chr16	85860000	85910000	0.419521728080511	1
chr16	85860000	85920000	0.800560892246373	1
chr16	85860000	85925000	0.576736824123325	1
chr16	85860000	85930000	0.413840492533317	1
chr16	85860000	85935000	0.306308236877422	1
chr16	85860000	85960000	0.309384012772282	1
chr16	85860000	85980000	0.194546518332883	1
chr16	85860000	86005000	0.239987040842205	1
chr16	85860000	86010000	0.315526143931926	1
chr16	85860000	86015000	0.406411494886363	1
chr16	85860000	86020000	0.565663152082601	1
chr16	85860000	86025000	0.199806577131647	1
chr16	85860000	86030000	0.300368987080271	1
chr16	85860000	86035000	0.313066850060401	1
chr16	85860000	86040000	0.310765077563815	1
chr16	85860000	86045000	0.798903337884659	1
chr16	85860000	86050000	0.799250503367681	1
chr16	85860000	86055000	0.197664715160297	1
chr16	85860000	86060000	0.194700334498035	1
chr16	85865000	85885000	0.998682179597895	1
chr16	85865000	85890000	0.998275033031325	1
chr16	85865000	85895000	0.803800595813314	1
chr16	85865000	85900000	0.796671293614879	1
chr16	85865000	85905000	0.570793766500472	1
chr16	85865000	85910000	0.798957350253693	1
chr16	85865000	85915000	0.56973395676513	1
chr16	85865000	85925000	0.569161609239793	1
chr16	85865000	85930000	0.413769993617841	1
chr16	85865000	85985000	0.193494678819209	1
chr16	85865000	86005000	0.195374031798455	1
chr16	85865000	86010000	0.200936481089767	1
chr16	85865000	86015000	0.195567153922657	1
chr16	85865000	86020000	0.310640561011563	1
chr16	85865000	86025000	0.171496747523177	1
chr16	85865000	86030000	0.197776330504661	1
chr16	85865000	86035000	0.238203842590148	1
chr16	85865000	86040000	0.307568046096328	1
chr16	85865000	86045000	0.41212838997402	1
chr16	85865000	86050000	0.203540182818876	1
chr16	85865000	86055000	0.19840227386204	1
chr16	85865000	86060000	0.195420130917067	1
chr16	85870000	85890000	0.998361050720737	1
chr16	85870000	85900000	0.998139982799451	1
chr16	85870000	85910000	0.566242041668934	1
chr16	85870000	85930000	0.417443086726252	1
chr16	85870000	86025000	0.199183245043646	1
chr16	85870000	86035000	0.164749173011336	1
chr16	85870000	86045000	0.244641771604172	1
chr16	85875000	85900000	0.998338875166511	1
chr16	85875000	85905000	0.806725265813933	1
chr16	85875000	85915000	0.571785744207808	1
chr16	85875000	85925000	0.413825602446048	1
chr16	85875000	86040000	0.162805892211211	1
chr16	85875000	86045000	0.164019997525555	1
chr16	85875000	86050000	0.162654435414321	1
chr16	85875000	86055000	0.142018421270071	1
chr16	85880000	85900000	0.998633160478398	1
chr16	85880000	85910000	0.797039591769217	1
chr16	85880000	85920000	0.565209007420448	1
chr16	85880000	86020000	0.200750167188803	1
chr16	85880000	86040000	0.16868609845169	1
chr16	85880000	86050000	0.19819228896907	1
chr16	85880000	86055000	0.159570991660509	1
chr16	85885000	85905000	0.998209584767306	1
chr16	85885000	85910000	0.997968388439773	1
chr16	85885000	85915000	0.800607523715537	1
chr16	85885000	85920000	0.798418781327108	1
chr16	85885000	85925000	0.795486234952969	1
chr16	85885000	86015000	0.200418270002307	1
chr16	85885000	86020000	0.236856348505179	1
chr16	85885000	86045000	0.16722935826282	1
chr16	85885000	86050000	0.166928768207218	1
chr16	85890000	85910000	0.998633935899724	1
chr16	85890000	85915000	0.998079165337059	1
chr16	85890000	85920000	0.80144942256769	1
chr16	85890000	85925000	0.800154364968364	1
chr16	85890000	85930000	0.799253660748957	1
chr16	85890000	85935000	0.566613397185004	1
chr16	85890000	86010000	0.197435455478061	1
chr16	85890000	86015000	0.19504773361723	1
chr16	85890000	86020000	0.244090146662176	1
chr16	85895000	85915000	0.99999999999983	1
chr16	85895000	85920000	0.998397299668271	1
chr16	85895000	85935000	0.569519954540804	1
chr16	85895000	86020000	0.308748211793192	1
chr16	85895000	86025000	0.198975618096575	1
chr16	85895000	86030000	0.199088449091714	1
chr16	85895000	86035000	0.192125077294544	1
chr16	85895000	86045000	0.192439302549844	1
chr16	85900000	85920000	0.99999999999983	1
chr16	85900000	85925000	0.998041623538146	1
chr16	85900000	85930000	0.997964707959266	1
chr16	85900000	86020000	0.244941977979848	1
chr16	85900000	86035000	0.196991923493605	1
chr16	85900000	86040000	0.203237111820894	1
chr16	85905000	85925000	0.998543226213576	1
chr16	85905000	85930000	0.998214012781756	1
chr16	85905000	86020000	0.307160369244916	1
chr16	85905000	86025000	0.306287239263363	1
chr16	85905000	86030000	0.19780882651467	1
chr16	85905000	86045000	0.241497415056714	1
chr16	85910000	85930000	0.998490225016954	1
chr16	85910000	85940000	0.797627763354653	1
chr16	85910000	85995000	0.306631617513663	1
chr16	85910000	86015000	0.24818050962488	1
chr16	85910000	86020000	0.303478275544104	1
chr16	85910000	86025000	0.301848280156779	1
chr16	85910000	86030000	0.308384865334629	1
chr16	85910000	86040000	0.243676352938815	1
chr16	85910000	86045000	0.200661007470874	1
chr16	85915000	85935000	0.99827872513732	1
chr16	85915000	85965000	0.411469838041069	1
chr16	85915000	86015000	0.240965573821061	1
chr16	85915000	86020000	0.309626825331495	1
chr16	85915000	86025000	0.247409720939484	1
chr16	85915000	86040000	0.309428508008003	1
chr16	85920000	85940000	0.998169641529027	1
chr16	85920000	85965000	0.55990878271158	1
chr16	85920000	86015000	0.246418235556866	1
chr16	85920000	86020000	0.406217592326537	1
chr16	85920000	86025000	0.413790905588835	1
chr16	85920000	86030000	0.314334301939548	1
chr16	85920000	86040000	0.198708389718986	1
chr16	85920000	86045000	0.23923095900996	1
chr16	85920000	86050000	0.199809789638158	1
chr16	85925000	85965000	0.563546770219857	1
chr16	85925000	85975000	0.565398460622114	1
chr16	85925000	85985000	0.407267539200593	1
chr16	85925000	86015000	0.415539173248167	1
chr16	85925000	86020000	0.414417275473186	1
chr16	85925000	86025000	0.247315471688599	1
chr16	85925000	86030000	0.40587668102876	1
chr16	85925000	86040000	0.251332939643198	1
chr16	85925000	86045000	0.307546244594106	1
chr16	85925000	86050000	0.242202276118999	1
chr16	85930000	85965000	0.801890386478155	1
chr16	85930000	85970000	0.566375727143432	1
chr16	85930000	85980000	0.412175560562042	1
chr16	85930000	85995000	0.410726433300655	1
chr16	85930000	86015000	0.567456516757297	1
chr16	85930000	86020000	0.570787010970432	1
chr16	85930000	86025000	0.409416140943255	1
chr16	85930000	86030000	0.406645111927686	1
chr16	85930000	86045000	0.317570223841932	1
chr16	85935000	85955000	0.998888109951448	1
chr16	85935000	85960000	0.99839987133048	1
chr16	85935000	85965000	0.998528771350265	1
chr16	85935000	85970000	0.80373524157065	1
chr16	85935000	85975000	0.804304187367286	1
chr16	85935000	85980000	0.800371575662528	1
chr16	85935000	85985000	0.411714361305587	1
chr16	85935000	86000000	0.317883274184891	1
chr16	85935000	86010000	0.31411838017212	1
chr16	85935000	86015000	0.574157245593916	1
chr16	85935000	86020000	0.796529589535935	1
chr16	85935000	86025000	0.569427507706512	1
chr16	85935000	86030000	0.41339182952551	1
chr16	85935000	86035000	0.559546738231461	1
chr16	85935000	86040000	0.305352441207205	1
chr16	85935000	86045000	0.556198048408719	1
chr16	85935000	86050000	0.248398797915395	1
chr16	85940000	85960000	0.998905881391126	1
chr16	85940000	85965000	0.99999999999983	1
chr16	85940000	85970000	0.998354178914718	1
chr16	85940000	85975000	0.998196857663657	1
chr16	85940000	85980000	0.801614017339423	1
chr16	85940000	85985000	0.567802686518376	1
chr16	85940000	86015000	0.570769437995471	1
chr16	85940000	86020000	0.795700326884231	1
chr16	85940000	86025000	0.560660941068558	1
chr16	85940000	86030000	0.30853861822798	1
chr16	85940000	86035000	0.242645815575046	1
chr16	85940000	86040000	0.314821816788672	1
chr16	85940000	86045000	0.415295339897373	1
chr16	85945000	85965000	0.998856981172166	1
chr16	85945000	85970000	0.998510020580706	1
chr16	85945000	85975000	0.806064611813886	1
chr16	85945000	85980000	0.800481208199485	1
chr16	85945000	85995000	0.414538779331748	1
chr16	85945000	86010000	0.406591470007324	1
chr16	85945000	86015000	0.413712202632171	1
chr16	85945000	86020000	0.567326528841742	1
chr16	85945000	86025000	0.413993561440807	1
chr16	85945000	86035000	0.407602460164797	1
chr16	85945000	86040000	0.309955686019626	1
chr16	85945000	86045000	0.318074844924205	1
chr16	85945000	86050000	0.239602395204743	1
chr16	85950000	85970000	0.99999999999983	1
chr16	85950000	85975000	0.998737865000052	1
chr16	85950000	85980000	0.99755761783125	1
chr16	85950000	85995000	0.564991002977197	1
chr16	85950000	86010000	0.405272989716721	1
chr16	85950000	86015000	0.554944324204995	1
chr16	85950000	86020000	0.411486492683187	1
chr16	85950000	86025000	0.308519408146853	1
chr16	85955000	85975000	0.99999999999983	1
chr16	85955000	85980000	0.998135917201992	1
chr16	85955000	85995000	0.569430482952667	1
chr16	85955000	86005000	0.410577057041298	1
chr16	85955000	86010000	0.56036423570498	1
chr16	85955000	86015000	0.413678637121642	1
chr16	85955000	86020000	0.562200786674241	1
chr16	85955000	86030000	0.313470636424766	1
chr16	85960000	85980000	0.998757562626213	1
chr16	85960000	85990000	0.79533809053578	1
chr16	85960000	85995000	0.800109895534844	1
chr16	85960000	86000000	0.799453069251224	1
chr16	85960000	86005000	0.560321576282728	1
chr16	85960000	86010000	0.5618973984761	1
chr16	85960000	86020000	0.561730086342143	1
chr16	85965000	85985000	0.998089351818738	1
chr16	85965000	85990000	0.997918523952116	1
chr16	85965000	85995000	0.799501844460331	1
chr16	85965000	86000000	0.79926818112779	1
chr16	85965000	86005000	0.572072508498556	1
chr16	85965000	86010000	0.558576553439388	1
chr16	85965000	86015000	0.795785766239195	1
chr16	85965000	86020000	0.798371178253215	1
chr16	85965000	86025000	0.411612553593203	1
chr16	85965000	86045000	0.317150039338369	1
chr16	85970000	85990000	0.998106195788791	1
chr16	85970000	86010000	0.798766852678389	1
chr16	85970000	86015000	0.567773541687503	1
chr16	85970000	86020000	0.570307668998174	1
chr16	85970000	86025000	0.790595155642834	1
chr16	85970000	86035000	0.315717659411629	1
chr16	85970000	86040000	0.562626717444175	1
chr16	85970000	86045000	0.312509454817865	1
chr16	85975000	85995000	0.998725802805063	1
chr16	85975000	86000000	0.998073890680245	1
chr16	85975000	86005000	0.997925086333926	1
chr16	85975000	86010000	0.798151360151455	1
chr16	85975000	86015000	0.802334982894477	1
chr16	85975000	86020000	0.577227085935541	1
chr16	85975000	86025000	0.564883402397263	1
chr16	85975000	86035000	0.412067396650367	1
chr16	85980000	86000000	0.99999999999983	1
chr16	85980000	86005000	0.998347728893153	1
chr16	85980000	86010000	0.998265390029491	1
chr16	85980000	86015000	0.998453034835026	1
chr16	85980000	86020000	0.99804368986906	1
chr16	85980000	86025000	0.798571526707803	1
chr16	85985000	86005000	0.99999999999983	1
chr16	85985000	86010000	0.998687101706442	1
chr16	85985000	86015000	0.998316839446299	1
chr16	85985000	86020000	0.794570254736811	1
chr16	85985000	86025000	0.561808942869862	1
chr16	85990000	86010000	0.99999999999983	1
chr16	85990000	86015000	0.998492427843995	1
chr16	85995000	86015000	0.99999999999983	1
chr16	86000000	86020000	0.998317331905524	1
chr16	86005000	86045000	0.570000322016299	1
chr16	86015000	86045000	0.801543112242614	1
chr16	86020000	86040000	0.99999999999983	1
chr16	86020000	86045000	0.99999999999983	1
chr16	86020000	86050000	0.802365358128493	1
chr16	86025000	86045000	0.99999999999983	1
chr16	86105000	86550000	0.123126277112685	1
chr16	86105000	86555000	0.116379675120463	1
chr16	86210000	86230000	0.998196318652586	1
chr16	86265000	86295000	0.998734987871788	1
chr16	86370000	86550000	0.14122189422934	1
chr16	86525000	86545000	0.997527490524233	1
chr16	85875000	85910000	0.575577945562408	1
chr16	85880000	85915000	0.576052201369539	1
chr16	85855000	85910000	0.40872959284892	1
chr16	85860000	85915000	0.413405130843722	1
chr16	85885000	85940000	0.405344990203393	1
chr16	85910000	85965000	0.410097688799726	1
chr16	85920000	85975000	0.400063808329228	1
chr16	85925000	85980000	0.405805396444297	1
chr16	85935000	85990000	0.410424387384449	1
chr16	85950000	86005000	0.406552257751746	1
chr16	85960000	86015000	0.409903917520692	1
chr16	85975000	86030000	0.405800252753617	1
chr16	85980000	86035000	0.40968403967203	1
chr16	85915000	85980000	0.307439961131276	1
chr16	85965000	86030000	0.303388358201563	1
chr16	85850000	85920000	0.312018791948658	1
chr16	85875000	85945000	0.306451477741948	1
chr16	85940000	86010000	0.311052459368061	1
chr16	85915000	86000000	0.242635622735978	1
chr16	85870000	86020000	0.162331497850554	1
chr16	85880000	86035000	0.158884076319329	1
chr16	85890000	86045000	0.16276695566984	1
chr16	85895000	85975000	0.247701502956017	1
chr16	85945000	86030000	0.240178135530217	1
chr16	85860000	85950000	0.24307196761007	1
chr16	85875000	86015000	0.164440453764283	1
chr16	85845000	86030000	0.13947213350682	1
chr16	85925000	86010000	0.238416191127549	1
chr16	85960000	85985000	0.808884714966892	1
chr16	85955000	85990000	0.568131507232622	1
chr16	85890000	86000000	0.198290357049683	1
chr16	85925000	86035000	0.199702535250998	1
chr16	85930000	86040000	0.198204751953052	1
chr16	85855000	85985000	0.168974486355995	1
chr16	85915000	86045000	0.167883019403867	1
chr16	85860000	86000000	0.163883455331381	1
chr16	85890000	86035000	0.166357719825889	1
chr16	86010000	86045000	0.56650775168958	1
chr16	85940000	86050000	0.197254273164128	1
chr16	85880000	86015000	0.164754350764538	1
chr16	85875000	86020000	0.161093532571953	1
chr16	85855000	85880000	0.801352272529406	1
chr16	85880000	85905000	0.802550397279335	1
chr16	85910000	85935000	0.803304481311732	1
chr16	86010000	86035000	0.801424084714102	1
chr16	86015000	86040000	0.802493431600368	1
chr16	85970000	86005000	0.565268138138942	1
chr16	85850000	85930000	0.241141285930584	1
chr16	85930000	86010000	0.241107051071623	1
chr16	86075000	86550000	0.0828951007687664	1
chr16	85845000	86070000	0.114325687396603	1
chr16	85930000	85955000	0.800549894988517	1
chr16	85970000	85995000	0.800839544960768	1
chr16	85850000	85980000	0.165508277948473	1
chr16	85850000	85985000	0.162290639687115	1
chr16	85855000	86070000	0.121470285202488	1
chr16	85845000	85925000	0.238428525136593	1
chr16	85870000	85895000	0.799744555242807	1
chr16	85915000	85940000	0.799869422682942	1
chr16	85995000	86020000	0.798371578792862	1
chr16	85895000	85930000	0.560643040252364	1
chr16	85920000	85980000	0.316510515014733	1
chr16	85900000	86025000	0.171505137722103	1
chr16	85905000	86035000	0.163110681513938	1
chr16	85850000	86550000	0.0732512843210973	1
chr16	85900000	86030000	0.161877456104775	1
chr16	85905000	85940000	0.55682657845846	1
chr16	85945000	86005000	0.313593135252165	1
chr16	86105000	86545000	0.0855414028774471	1
chr16	85870000	85995000	0.166908563479269	1
chr16	85885000	86010000	0.166356420906771	1
chr16	85980000	86040000	0.312251054463436	1
chr16	85855000	86065000	0.116812245650637	1
chr16	86110000	86545000	0.0827908460960066	1
chr16	85885000	86040000	0.143092694797064	1
chr16	85860000	86065000	0.119243461148234	1
chr16	85940000	86000000	0.309430491983026	1
chr16	85935000	85995000	0.308235677048282	1
chr16	85970000	86030000	0.30860745874059	1
chr16	85925000	85950000	0.795589375184266	1
chr16	85845000	86005000	0.140647703807491	1
chr16	86095000	86550000	0.079220146825488	1
chr16	85900000	86050000	0.144290208516463	1
chr16	85945000	85990000	0.415469621166727	1
chr16	85910000	85985000	0.248465560022153	1
chr16	86100000	86560000	0.0747780334193039	1
chr16	85855000	85955000	0.195379541540799	1
chr16	85930000	86050000	0.168212201297444	1
chr16	85925000	85970000	0.412467176219199	1
chr16	85855000	85950000	0.20086336334073	1
chr16	85875000	85920000	0.411552838706583	1
chr16	85915000	86035000	0.16613550688314	1
chr16	85845000	86025000	0.121503217073406	1
chr16	85870000	86050000	0.12159137884834	1
chr16	85905000	85980000	0.24472007694001	1
chr16	85930000	85975000	0.41068799216557	1
chr16	85870000	86055000	0.118800136830161	1
chr16	85885000	85930000	0.409324671296739	1
chr16	85965000	86040000	0.242752376227663	1
chr16	85860000	85905000	0.408675931525766	1
chr16	86110000	86550000	0.0755143758577387	1
chr16	85900000	86045000	0.141352160063721	1
chr16	85905000	86050000	0.141398567844552	1
chr16	85880000	86025000	0.141095165795412	1
chr16	85955000	86000000	0.408378506513622	1
chr16	85845000	85995000	0.139755810645338	1
chr16	85875000	86030000	0.134761373705863	1
chr16	85855000	85900000	0.406422262198701	1
chr16	86110000	86555000	0.0732911850811051	1
chr16	85890000	86005000	0.169060549614523	1
chr16	85850000	86000000	0.138217305111118	1
chr16	85890000	86040000	0.137148987357373	1
chr16	86100000	86555000	0.072986805271923	1
chr16	85950000	86045000	0.196007542727016	1
chr16	85895000	86015000	0.159639069506743	1
chr16	85850000	85995000	0.138736874683843	1
chr16	85930000	86005000	0.237698408641058	1
chr16	85955000	86050000	0.194494677138037	1
chr16	85910000	86050000	0.140503101570462	1
chr16	85895000	85940000	0.401736919321769	1
chr16	86375000	86550000	0.118590813426758	1
chr16	85850000	85965000	0.164118748638655	1
chr16	86095000	86555000	0.0674472925487338	1
chr16	85920000	86010000	0.198316782013206	1
chr16	85950000	86040000	0.197597133999503	1
chr16	86090000	86555000	0.0674876390441664	1
chr16	85890000	86050000	0.122922638995684	1
chr16	85875000	85930000	0.317123115263735	1
chr16	85875000	85965000	0.195705489210342	1
chr16	85870000	86040000	0.117650202746695	1
chr16	85955000	86025000	0.248715541521855	1
chr16	85955000	86045000	0.195231722423412	1
chr16	85890000	86025000	0.138643343813563	1
chr16	85905000	86010000	0.169872573741129	1
chr16	85905000	86040000	0.138015689697462	1
chr16	85935000	86005000	0.246710111394337	1
chr16	85865000	85920000	0.313856567674517	1
chr16	85875000	86060000	0.108659923262241	1
chr16	85945000	86000000	0.312187800133526	1
chr16	85855000	86075000	0.095490891335675	1
chr16	85880000	86010000	0.139764455581933	1
chr16	85965000	86035000	0.244850688972656	1
chr16	85870000	85925000	0.311793225263826	1
chr16	85915000	86050000	0.136325919271807	1
chr16	85930000	86000000	0.243346950792549	1
chr16	85850000	86070000	0.0943837460729104	1
chr16	85930000	85985000	0.310524965143879	1
chr16	85975000	86045000	0.243204493266173	1
chr16	85960000	86045000	0.200170934860935	1
chr16	86105000	86560000	0.064756589949798	1
chr16	85895000	86040000	0.127918819652934	1
chr16	85870000	86000000	0.1385136878293	1
chr16	85890000	85975000	0.199824455422088	1
chr16	85860000	85995000	0.135224549932042	1
chr16	85845000	86075000	0.0912688104915104	1
chr16	85940000	85995000	0.308887198928881	1
chr16	85955000	86040000	0.198318533147206	1
chr16	85880000	85935000	0.307968125682057	1
chr16	85895000	85950000	0.306917732687241	1
chr16	85875000	86025000	0.122804455283012	1
chr16	85870000	86015000	0.124645563249539	1
chr16	85855000	86000000	0.124344753417546	1
chr16	85865000	85935000	0.237085806037204	1
chr16	85990000	86045000	0.304048066567687	1
chr16	86105000	86530000	0.0641128136690602	1
chr16	85885000	86025000	0.127308963535202	1
chr16	86375000	86555000	0.103663355201918	1
chr16	85910000	86010000	0.16771902478001	1
chr16	85970000	86050000	0.20530619041581	1
chr16	85845000	86080000	0.0861115621829774	1
chr16	85890000	85995000	0.159839658713843	1
chr16	85885000	86060000	0.105462591155553	1
chr16	85880000	86030000	0.118910358016615	1
chr16	85885000	86055000	0.107899384491129	1
chr16	85860000	86080000	0.0890910547931685	1
chr16	85865000	86070000	0.093186672274244	1
chr16	85860000	86070000	0.0914824961868619	1
chr16	85880000	86045000	0.108828125748415	1
chr16	85890000	85990000	0.165197134676001	1
chr16	85910000	86035000	0.136209430365486	1
chr16	85950000	86050000	0.164764017250741	1
chr16	85875000	85975000	0.163268081606176	1
chr16	85900000	86000000	0.16306483501154	1
chr16	85885000	86030000	0.11835719328586	1
chr16	85925000	86005000	0.199842224975856	1
chr16	85870000	86010000	0.121226866818002	1
chr16	86095000	86545000	0.0572285437241139	1
chr16	85910000	85975000	0.245524682271723	1
chr16	86370000	86545000	0.100675421562787	1
chr16	85940000	86005000	0.245282046422875	1
chr16	85890000	86030000	0.12023797965851	1
chr16	85975000	86040000	0.245002541887266	1
chr16	85900000	85980000	0.197895149739523	1
chr16	85900000	86010000	0.146985519067046	1
chr16	85875000	86035000	0.106376594872739	1
chr16	85905000	85970000	0.243247028179429	1
chr16	85885000	85980000	0.166216061551998	1
chr16	85870000	86030000	0.106045898591629	1
chr16	85875000	85990000	0.139944653564311	1
chr16	85865000	86065000	0.0891647653693956	1
chr16	85915000	86010000	0.165370064199098	1
chr16	85955000	86035000	0.195265001154025	1
chr16	86090000	86550000	0.0545587753200752	1
chr16	86085000	86530000	0.0554182899387998	1
chr16	85950000	85990000	0.418075238671144	1
chr16	85925000	85990000	0.241516157928119	1
chr16	86080000	86550000	0.0533679424975111	1
chr16	85895000	86050000	0.107608539591388	1
chr16	85865000	86000000	0.120748986812611	1
chr16	86070000	86550000	0.052638997971004	1
chr16	85865000	85980000	0.137275996390601	1
chr16	85860000	85900000	0.415262637912501	1
chr16	86070000	86560000	0.0518403571333746	1
chr16	85900000	86015000	0.136613563554493	1
chr16	85885000	86000000	0.136513580244564	1
chr16	85895000	85990000	0.162444787852036	1
chr16	85865000	85995000	0.121874256770808	1
chr16	86085000	86545000	0.0526484025676043	1
chr16	85890000	85965000	0.204281962233074	1
chr16	85890000	85980000	0.169977147016603	1
chr16	86100000	86550000	0.0527589282237504	1
chr16	85900000	85940000	0.412629614606859	1
chr16	85855000	85895000	0.411315748056615	1
chr16	85870000	85945000	0.202417921079342	1
chr16	85915000	85955000	0.410656895564464	1
chr16	85905000	86015000	0.139330598834247	1
chr16	85860000	85985000	0.123756704277162	1
chr16	85880000	86060000	0.091351452642409	1
chr16	85945000	85985000	0.409695150928356	1
chr16	85920000	85970000	0.313412856566615	1
chr16	86095000	86560000	0.0503742033033129	1
chr16	86100000	86545000	0.0515105806769283	1
chr16	86080000	86555000	0.0493946269187734	1
chr16	85895000	86000000	0.14312347959116	1
chr16	85940000	85990000	0.312026007022374	1
chr16	85855000	85905000	0.311965347784695	1
chr16	85900000	85975000	0.199529442846821	1
chr16	85880000	85930000	0.311610320182542	1
chr16	86070000	86555000	0.0490578275530935	1
chr16	86085000	86550000	0.049415368695523	1
chr16	85885000	85995000	0.136141324508513	1
chr16	85905000	85945000	0.4057967817806	1
chr16	86080000	86560000	0.0487454672901985	1
chr16	85850000	85975000	0.120819572944062	1
chr16	85870000	86060000	0.0845652442094627	1
chr16	85960000	86050000	0.163957080089454	1
chr16	85890000	86055000	0.0945626513162099	1
chr16	85870000	86065000	0.0831312086854671	1
chr16	85980000	86030000	0.308971118234463	1
chr16	85920000	85960000	0.403754797582448	1
chr16	86010000	86050000	0.403338996405402	1
chr16	85905000	86055000	0.102152714120291	1
chr16	85885000	86070000	0.0853784715509166	1
chr16	86075000	86555000	0.0476497265796196	1
chr16	85850000	85990000	0.107812515400433	1
chr16	86085000	86560000	0.0473293125169359	1
chr16	85850000	86080000	0.0725069594446677	1
chr16	85920000	85995000	0.194586168438844	1
chr16	85905000	85995000	0.160931744866427	1
chr16	85910000	85970000	0.247270010539507	1
chr16	85880000	86005000	0.117312454167482	1
chr16	86075000	86545000	0.0465680601549007	1
chr16	85870000	85920000	0.304721407263064	1
chr16	85890000	85940000	0.304137381308351	1
chr16	85875000	86065000	0.0813646785978121	1
chr16	86080000	86545000	0.0467367848081656	1
chr16	85885000	85945000	0.245751363536361	1
chr16	85930000	85990000	0.245502484373602	1
chr16	85870000	85975000	0.136321349087129	1
chr16	85890000	86060000	0.0885850139860837	1
chr16	86115000	86545000	0.0482243759800551	1
chr16	85895000	85995000	0.141908824174692	1
chr16	85895000	86055000	0.0922800026802073	1
chr16	85920000	86035000	0.124291972838811	1
chr16	85860000	86100000	0.0672925628789319	1
chr16	85850000	85950000	0.141480226187189	1
chr16	85970000	86000000	0.575292059366857	1
chr16	85860000	85890000	0.574501085927884	1
chr16	85965000	86050000	0.165901663698533	1
chr16	85985000	86045000	0.242342964394941	1
chr16	85865000	85965000	0.140433560436641	1
chr16	86115000	86550000	0.0469352641361357	1
chr16	85950000	86035000	0.16550227276994	1
chr16	85870000	86005000	0.106301118767972	1
chr16	85885000	86035000	0.0963867303554181	1
chr16	85850000	86095000	0.0652884603980408	1
chr16	85860000	85945000	0.164954239714147	1
chr16	85905000	85935000	0.572688601190788	1
chr16	86010000	86040000	0.57252738259632	1
chr16	85850000	86555000	0.0383825795040843	1
chr16	85915000	86030000	0.121896685727966	1
chr16	86370000	86530000	0.0902666833052312	1
chr16	85910000	85980000	0.202369107193164	1
chr16	85860000	85990000	0.108232171521689	1
chr16	85990000	86020000	0.571678367488456	1
chr16	85870000	86070000	0.0747594809396025	1
chr16	86055000	86550000	0.0428665481834783	1
chr16	85885000	86065000	0.0806716444860105	1
chr16	85915000	85945000	0.569471637925564	1
chr16	86375000	86545000	0.084514060290083	1
chr16	85895000	85980000	0.161858757062549	1
chr16	85880000	85995000	0.11968775043565	1
chr16	85860000	85975000	0.119544267480806	1
chr16	86100000	86300000	0.0737815070087399	1
chr16	85895000	85925000	0.568289685685328	1
chr16	85875000	86010000	0.102856951454326	1
chr16	86080000	86530000	0.04338997158171	1
chr16	85960000	86030000	0.198844306573769	1
chr16	85860000	85955000	0.142816550770183	1
chr16	85900000	85970000	0.198006921250389	1
chr16	85915000	85985000	0.197815889120497	1
chr16	85890000	85985000	0.141799187629777	1
chr16	86360000	86550000	0.0748414038134517	1
chr16	86380000	86550000	0.082231032883147	1
chr16	86110000	86540000	0.0436979931144727	1
chr16	85925000	85995000	0.195429519048323	1
chr16	85870000	86080000	0.0678946151859602	1
chr16	86375000	86540000	0.0828484546945804	1
chr16	86090000	86535000	0.0419786846093569	1
chr16	85865000	86080000	0.0665081769731255	1
chr16	85875000	86005000	0.102554559734226	1
chr16	85870000	86090000	0.0653018380999905	1
chr16	85845000	85940000	0.138888710744362	1
chr16	86065000	86555000	0.0399271412065401	1
chr16	85880000	85975000	0.138675165963091	1
chr16	86110000	86565000	0.0409831561084258	1
chr16	85845000	86095000	0.0586641239680644	1
chr16	85930000	85960000	0.560422531800793	1
chr16	85845000	86550000	0.0340736935263072	1
chr16	85920000	86000000	0.166473826682475	1
