chr14	68315000	68335000	0.998221752503769	1
chr14	68375000	68395000	0.997735595019874	1
chr14	68395000	69280000	0.0812362876458917	1
chr14	68400000	68710000	0.135259619992885	1
chr14	68400000	69280000	0.119839108663884	1
chr14	68400000	69285000	0.11845416662273	1
chr14	68405000	68710000	0.19773056408942	1
chr14	68405000	69280000	0.107994229409257	1
chr14	68405000	69285000	0.120027472390214	1
chr14	68410000	68700000	0.13997409404731	1
chr14	68410000	68705000	0.124922700871427	1
chr14	68410000	68710000	0.169115482600581	1
chr14	68410000	68715000	0.163932341037229	1
chr14	68410000	69275000	0.0811201115768917	1
chr14	68410000	69280000	0.136508444775935	1
chr14	68435000	68455000	0.998317331905524	1
chr14	68450000	68490000	0.560438478194774	1
chr14	68455000	68475000	0.99804368986906	1
chr14	68465000	68485000	0.997527490524233	1
chr14	68515000	68535000	0.997711007346293	1
chr14	68520000	68540000	0.997871605280675	1
chr14	68540000	68570000	0.80144942256769	1
chr14	68545000	68565000	0.998033856961408	1
chr14	68560000	68580000	0.998671060190033	1
chr14	68580000	68600000	0.998201031372494	1
chr14	68595000	68615000	0.998099093783664	1
chr14	68620000	68640000	0.997730115812348	1
chr14	68645000	68675000	0.799480861344752	1
chr14	68650000	68670000	0.998463579382474	1
chr14	68655000	68675000	0.99819075944483	1
chr14	68700000	69280000	0.138561444969889	1
chr14	68705000	69280000	0.139407298035927	1
chr14	68705000	69285000	0.108659923262241	1
chr14	68710000	69250000	0.102862227718229	1
chr14	68710000	69255000	0.162185456496241	1
chr14	68710000	69275000	0.12437270132372	1
chr14	68710000	69280000	0.196993703985414	1
chr14	68710000	69285000	0.245002541887266	1
chr14	68710000	69290000	0.124218367970846	1
chr14	68715000	68865000	0.199806577131647	1
chr14	68715000	68870000	0.196953323294163	1
chr14	68715000	69250000	0.198903156147037	1
chr14	68715000	69255000	0.31354378937538	1
chr14	68715000	69260000	0.116281165162947	1
chr14	68715000	69265000	0.119540434215368	1
chr14	68715000	69270000	0.162920448904957	1
chr14	68715000	69275000	0.197895149739523	1
chr14	68715000	69280000	0.407847099472262	1
chr14	68715000	69285000	0.19504773361723	1
chr14	68715000	69290000	0.120623143435657	1
chr14	68720000	68850000	0.201959296953533	1
chr14	68720000	69255000	0.169060549614523	1
chr14	68720000	69260000	0.123799740637955	1
chr14	68720000	69275000	0.166064948932312	1
chr14	68720000	69280000	0.203583882607028	1
chr14	68720000	69285000	0.0942958667854232	1
chr14	68725000	69255000	0.165899360731687	1
chr14	68725000	69280000	0.168330452198305	1
chr14	68730000	68770000	0.562626717444175	1
chr14	68730000	68835000	0.312743776142124	1
chr14	68730000	68845000	0.304721407263064	1
chr14	68730000	69255000	0.163277435292531	1
chr14	68730000	69260000	0.146985519067046	1
chr14	68730000	69265000	0.102152714120291	1
chr14	68730000	69275000	0.122499782423983	1
chr14	68730000	69280000	0.164081905027118	1
chr14	68730000	69285000	0.107608539591388	1
chr14	68735000	68775000	0.563706037552251	1
chr14	68735000	68780000	0.56293195699558	1
chr14	68735000	68835000	0.308176484789264	1
chr14	68735000	68845000	0.241497415056714	1
chr14	68735000	68860000	0.193494678819209	1
chr14	68735000	68865000	0.31026018965132	1
chr14	68735000	69255000	0.140487675293073	1
chr14	68735000	69260000	0.127877132551924	1
chr14	68735000	69265000	0.114758963701705	1
chr14	68735000	69285000	0.106364135034831	1
chr14	68740000	68770000	0.80338167989104	1
chr14	68740000	68775000	0.797627763354653	1
chr14	68740000	68800000	0.410424387384449	1
chr14	68740000	68835000	0.251332939643198	1
chr14	68740000	68840000	0.301848280156779	1
chr14	68740000	68845000	0.310640561011563	1
chr14	68740000	68860000	0.241813702785007	1
chr14	68740000	68865000	0.311617765101094	1
chr14	68740000	68870000	0.243848557468628	1
chr14	68740000	69255000	0.195785414650443	1
chr14	68740000	69260000	0.104660103614957	1
chr14	68740000	69265000	0.141256845603432	1
chr14	68740000	69280000	0.120916808031915	1
chr14	68745000	68765000	0.998386547610165	1
chr14	68745000	68770000	0.998284465168612	1
chr14	68745000	68775000	0.998071602970379	1
chr14	68745000	68805000	0.403899906925769	1
chr14	68745000	68830000	0.306219818564415	1
chr14	68745000	68835000	0.414993928148385	1
chr14	68745000	68840000	0.416622800859881	1
chr14	68745000	68845000	0.317662096392889	1
chr14	68745000	68865000	0.405272989716721	1
chr14	68745000	68870000	0.301278423654307	1
chr14	68745000	69255000	0.161093532571953	1
chr14	68745000	69280000	0.122122354190355	1
chr14	68745000	69285000	0.102536903531675	1
chr14	68750000	68770000	0.99999999999983	1
chr14	68750000	68775000	0.998502790413295	1
chr14	68750000	68780000	0.793371309303284	1
chr14	68750000	68830000	0.305690661215685	1
chr14	68750000	68835000	0.403338996405402	1
chr14	68750000	68840000	0.311793225263826	1
chr14	68750000	68845000	0.248684418582059	1
chr14	68750000	68850000	0.241493306248984	1
chr14	68750000	68860000	0.202392426759725	1
chr14	68750000	68865000	0.240926837112321	1
chr14	68750000	69255000	0.124291972838811	1
chr14	68750000	69260000	0.0920493448908496	1
chr14	68750000	69280000	0.102905185536421	1
chr14	68755000	68775000	0.998733768940747	1
chr14	68755000	68805000	0.406411494886363	1
chr14	68755000	68845000	0.310079094638672	1
chr14	68770000	68840000	0.407222915038697	1
chr14	68770000	68845000	0.408248005786922	1
chr14	68770000	68865000	0.248020180112991	1
chr14	68770000	69255000	0.105925000436338	1
chr14	68775000	68795000	0.998371833872772	1
chr14	68775000	68825000	0.400063808329228	1
chr14	68775000	68835000	0.56650775168958	1
chr14	68775000	68840000	0.413239513550195	1
chr14	68775000	68845000	0.408080455307824	1
chr14	68775000	68865000	0.308887198928881	1
chr14	68775000	68870000	0.241141285930584	1
chr14	68775000	69260000	0.103994138989461	1
chr14	68780000	68800000	0.998729905298596	1
chr14	68780000	68805000	0.998234034727511	1
chr14	68780000	68820000	0.565663152082601	1
chr14	68780000	68830000	0.417510696487849	1
chr14	68780000	68835000	0.561730086342143	1
chr14	68780000	68840000	0.570463151198639	1
chr14	68780000	68845000	0.406543536796592	1
chr14	68780000	68865000	0.407979473455107	1
chr14	68785000	68805000	0.998735208572337	1
chr14	68785000	68825000	0.564683843198124	1
chr14	68785000	68830000	0.57252738259632	1
chr14	68785000	68835000	0.414538779331748	1
chr14	68790000	68830000	0.570385285370151	1
chr14	68795000	68825000	0.800766128496274	1
chr14	68795000	68835000	0.561134728863919	1
chr14	68795000	68840000	0.568033930049858	1
chr14	68795000	68845000	0.408938206213159	1
chr14	68800000	68820000	0.998323994789354	1
chr14	68800000	68825000	0.998268872875421	1
chr14	68800000	68830000	0.800528815544018	1
chr14	68805000	68825000	0.99852985209337	1
chr14	68805000	68830000	0.998073890680245	1
chr14	68805000	68835000	0.798579243140545	1
chr14	68810000	68830000	0.99999999999983	1
chr14	68810000	68840000	0.799492468100318	1
chr14	68835000	68865000	0.796529589535935	1
chr14	68835000	69255000	0.134409533886292	1
chr14	68845000	68865000	0.99852742120551	1
chr14	68845000	69255000	0.140312180437782	1
chr14	68850000	69255000	0.122706399221958	1
chr14	68865000	69255000	0.140433560436641	1
chr14	68870000	68940000	0.408639978947346	1
chr14	68870000	69255000	0.12676422429309	1
chr14	68870000	69260000	0.104226842077571	1
chr14	68875000	68925000	0.407602460164797	1
chr14	68885000	68905000	0.998449595794474	1
chr14	68885000	68915000	0.800939056359742	1
chr14	68885000	68925000	0.568067129020961	1
chr14	68885000	68935000	0.405800252753617	1
chr14	68890000	68910000	0.998497129576344	1
chr14	68890000	68915000	0.997698111854611	1
chr14	68890000	68920000	0.800604812063274	1
chr14	68890000	68930000	0.563889054984906	1
chr14	68895000	68915000	0.998712443170069	1
chr14	68895000	68925000	0.801424084714102	1
chr14	68895000	68930000	0.795160375415055	1
chr14	68895000	68935000	0.566787828526707	1
chr14	68900000	68920000	0.997766403630964	1
chr14	68900000	68925000	0.998334495027104	1
chr14	68900000	68930000	0.804331875247387	1
chr14	68905000	68925000	0.998249033339325	1
chr14	68910000	68930000	0.99826540849339	1
chr14	68940000	68960000	0.998105108029352	1
chr14	68945000	68965000	0.998135917201992	1
chr14	68950000	68970000	0.997918523952116	1
chr14	69045000	69065000	0.99795319549942	1
chr14	69060000	69080000	0.997964707959266	1
chr14	69085000	69105000	0.997842704974395	1
chr14	69105000	69125000	0.997684108119213	1
chr14	69150000	69250000	0.238396640720004	1
chr14	69160000	69180000	0.998041623538146	1
chr14	69165000	69185000	0.998110493486496	1
chr14	69170000	69190000	0.998167102212906	1
chr14	69175000	69195000	0.998212992950403	1
chr14	69180000	69200000	0.998214974547793	1
chr14	69215000	69235000	0.998008801875185	1
chr14	69215000	69240000	0.998005746423071	1
chr14	69215000	69245000	0.799803268610438	1
chr14	69220000	69240000	0.998245263369484	1
chr14	69260000	69280000	0.998139982799451	1
chr14	68890000	68925000	0.574351566216927	1
chr14	68745000	68800000	0.40872959284892	1
chr14	69190000	69245000	0.400205390710446	1
chr14	68770000	68835000	0.307554978523935	1
chr14	68880000	68945000	0.309036065082815	1
chr14	68435000	68560000	0.192476871917711	1
chr14	68415000	68710000	0.116761505103937	1
chr14	68845000	69280000	0.10512192889192	1
chr14	68745000	69270000	0.0827584119408353	1
chr14	68740000	69275000	0.089865980547125	1
chr14	68735000	69280000	0.0904482047194723	1
chr14	68740000	69285000	0.0840091355139467	1
chr14	68700000	69255000	0.0831072339792566	1
chr14	68705000	69260000	0.084934356244214	1
chr14	68675000	69280000	0.0817465252214792	1
chr14	68745000	68780000	0.570787010970432	1
chr14	68790000	68825000	0.569502747859083	1
chr14	68795000	68830000	0.573274954579473	1
chr14	68755000	68835000	0.247882306783448	1
chr14	68740000	68830000	0.24307196761007	1
chr14	68730000	68870000	0.165197134676001	1
chr14	68705000	69255000	0.0824003653539045	1
chr14	68720000	69270000	0.084846200848547	1
chr14	68700000	69285000	0.084999530356117	1
chr14	68780000	68870000	0.240965573821061	1
chr14	68735000	68870000	0.169977147016603	1
chr14	68410000	69285000	0.0808207694525911	1
chr14	68415000	69290000	0.0819866802269495	1
chr14	68400000	68715000	0.104015443074131	1
chr14	68780000	69255000	0.09013228318712	1
chr14	68780000	68815000	0.568630056932103	1
chr14	68785000	68820000	0.567788025505628	1
chr14	69210000	69245000	0.56882944766449	1
chr14	68700000	69270000	0.0827904401010694	1
chr14	68700000	69275000	0.078715247303706	1
chr14	68400000	68705000	0.103747524616402	1
chr14	68810000	68835000	0.806626715430154	1
chr14	68945000	68970000	0.806210037766824	1
chr14	69045000	69070000	0.805256218342277	1
chr14	69210000	69235000	0.806775778842327	1
chr14	68435000	68470000	0.567456516757297	1
chr14	68440000	68475000	0.566242041668934	1
chr14	68490000	68525000	0.565659763226354	1
chr14	68735000	68770000	0.567085508468117	1
chr14	68770000	68805000	0.567473635716613	1
chr14	68885000	68920000	0.566613397185004	1
chr14	68865000	69260000	0.0926777289061611	1
chr14	68835000	69280000	0.0850849579672295	1
chr14	68725000	68865000	0.162654435414321	1
chr14	68710000	69245000	0.0827670180329665	1
chr14	68885000	68910000	0.802954697519727	1
chr14	68905000	68930000	0.803490708441545	1
chr14	68910000	68935000	0.801614017339423	1
chr14	69220000	69245000	0.801151646173355	1
chr14	68405000	68715000	0.0938085850030509	1
chr14	68445000	68480000	0.563546770219857	1
chr14	68780000	68860000	0.242360426517373	1
chr14	68875000	68955000	0.242946377315402	1
chr14	68730000	68865000	0.164118748638655	1
chr14	68440000	68465000	0.800510259386783	1
chr14	68505000	68530000	0.800351908152377	1
chr14	68775000	68800000	0.800594829878361	1
chr14	68785000	68810000	0.800607523715537	1
chr14	68745000	68850000	0.201353147294731	1
chr14	68440000	68660000	0.117650202746695	1
chr14	68940000	68965000	0.799945270599387	1
chr14	68795000	69260000	0.0813846779367848	1
chr14	68800000	68835000	0.562410682776356	1
chr14	68775000	69255000	0.0820293518594801	1
chr14	69150000	69255000	0.199864433359757	1
chr14	68720000	69265000	0.0786098477517337	1
chr14	68365000	68390000	0.798371178253215	1
chr14	68460000	68485000	0.799224070389148	1
chr14	68500000	68525000	0.799501844460331	1
chr14	68510000	68535000	0.799869422682942	1
chr14	68540000	68565000	0.79960828963541	1
chr14	68615000	68640000	0.798571526707803	1
chr14	68650000	68675000	0.798509282072443	1
chr14	69000000	69025000	0.799831453507483	1
chr14	69080000	69105000	0.799127973292106	1
chr14	69165000	69190000	0.799232768041022	1
chr14	69175000	69200000	0.799009323697743	1
chr14	68550000	68585000	0.561229612710383	1
chr14	68900000	68935000	0.560643040252364	1
chr14	68785000	68845000	0.315984749059551	1
chr14	68415000	68690000	0.103318502409841	1
chr14	68720000	69250000	0.0769071239856483	1
chr14	68570000	68595000	0.797782231417145	1
chr14	68620000	68645000	0.797998205330437	1
chr14	68755000	68780000	0.798189060188181	1
chr14	69205000	69230000	0.798151360151455	1
chr14	69255000	69280000	0.797876795646073	1
chr14	68715000	68840000	0.169872573741129	1
chr14	68985000	69010000	0.797627383232618	1
chr14	69035000	69060000	0.797331159014423	1
chr14	69060000	69095000	0.560226711799672	1
chr14	68875000	68935000	0.313470636424766	1
chr14	68565000	68590000	0.796783514146917	1
chr14	68600000	68625000	0.797039591769217	1
chr14	68895000	68920000	0.796970659757791	1
chr14	69085000	69110000	0.796801986909994	1
chr14	68600000	68635000	0.556198048408719	1
chr14	68410000	69255000	0.0669514903404182	1
chr14	68405000	68705000	0.0987003638706643	1
chr14	68305000	68330000	0.796530425254918	1
chr14	68555000	68580000	0.796622359709312	1
chr14	68595000	68620000	0.796706388816014	1
chr14	68725000	68750000	0.796671293614879	1
chr14	69095000	69120000	0.796458951273235	1
chr14	68400000	69290000	0.0693964442926353	1
chr14	68850000	69260000	0.0841064034202979	1
chr14	68640000	68665000	0.796406689472076	1
chr14	69180000	69205000	0.796356539113133	1
chr14	68710000	69300000	0.0755143758577387	1
chr14	69050000	69075000	0.796175672908278	1
chr14	68770000	69280000	0.0741404198746055	1
chr14	68710000	69265000	0.0745168463494003	1
chr14	68410000	69310000	0.0704928619367383	1
chr14	68795000	68820000	0.796021788550226	1
chr14	69020000	69045000	0.795748587808867	1
chr14	68725000	69285000	0.0756679437161888	1
chr14	68770000	68830000	0.308971118234463	1
chr14	68760000	69255000	0.0753215857549848	1
chr14	68310000	68335000	0.795589375184266	1
chr14	68545000	68570000	0.795411890237789	1
chr14	68590000	68615000	0.79533809053578	1
chr14	69170000	69195000	0.79524275518032	1
chr14	68405000	69295000	0.0669908587538579	1
chr14	68455000	68480000	0.794447941885249	1
chr14	68465000	68490000	0.794980069771461	1
chr14	68580000	68605000	0.794702858715871	1
chr14	68845000	68870000	0.794832033652425	1
chr14	68860000	69255000	0.0834635589527583	1
chr14	68780000	68855000	0.250880480009249	1
chr14	68740000	68765000	0.7934861930461	1
chr14	68720000	68840000	0.170550720042318	1
chr14	68870000	69250000	0.0841793302475958	1
chr14	68405000	69305000	0.0682133976306832	1
chr14	68735000	68795000	0.307484599056764	1
chr14	68715000	68835000	0.170059293395311	1
chr14	68705000	69250000	0.0739380670792393	1
chr14	68405000	68700000	0.0968377524223463	1
chr14	68710000	68870000	0.1391632743055	1
chr14	68790000	68835000	0.415427108068309	1
chr14	68770000	68870000	0.196624227317214	1
chr14	68725000	69275000	0.0719006416841488	1
chr14	68765000	69260000	0.0732512843210973	1
chr14	68780000	68825000	0.41339182952551	1
chr14	68420000	68695000	0.096509778049372	1
chr14	68780000	69260000	0.0728496386176937	1
chr14	68675000	69275000	0.0674368953479407	1
chr14	68720000	68870000	0.142637822172049	1
chr14	68405000	69290000	0.0643543299635636	1
chr14	68705000	69275000	0.0697271142341687	1
chr14	68415000	68705000	0.0949732935839371	1
chr14	68730000	69290000	0.0692237028436833	1
chr14	68765000	68840000	0.244724009519996	1
chr14	68800000	68845000	0.410731331305225	1
chr14	68870000	68970000	0.192125077294544	1
chr14	68725000	69270000	0.0704482493596872	1
chr14	68750000	68825000	0.243346950792549	1
chr14	68775000	68820000	0.410011346930291	1
chr14	68890000	68935000	0.409621792950771	1
chr14	68715000	68775000	0.299343719551412	1
chr14	68885000	68930000	0.409064727407668	1
chr14	68695000	69255000	0.067696191783271	1
chr14	68705000	69265000	0.0672676076082139	1
chr14	68350000	69310000	0.0611084086107941	1
chr14	68420000	69305000	0.0604403837217712	1
chr14	68775000	69285000	0.0683073937310924	1
chr14	68720000	68865000	0.139944653564311	1
chr14	68760000	68805000	0.40587668102876	1
chr14	68835000	69260000	0.0745072843414098	1
chr14	68410000	69290000	0.0624285340687994	1
chr14	69165000	69240000	0.239767904106856	1
chr14	68750000	69285000	0.0682873905890403	1
chr14	69155000	69250000	0.196295723154736	1
chr14	68420000	68675000	0.0948119566486161	1
chr14	68720000	69245000	0.0680681372950552	1
chr14	68720000	68835000	0.167660003856961	1
chr14	68715000	68850000	0.145109004303728	1
chr14	68735000	68830000	0.195429519048323	1
chr14	68705000	69290000	0.064586905909878	1
chr14	68745000	69275000	0.0668763083438844	1
chr14	69200000	69245000	0.403754797582448	1
chr14	68750000	68795000	0.40276863632784	1
chr14	68870000	69285000	0.073674548253418	1
chr14	68775000	68850000	0.236897495155147	1
chr14	68395000	69300000	0.0614074041536093	1
chr14	68750000	69275000	0.0664674479889649	1
chr14	68750000	68870000	0.158081327258989	1
chr14	68755000	69280000	0.0662408848792888	1
chr14	68770000	69250000	0.0683013769882269	1
chr14	68840000	69260000	0.0726052773465274	1
chr14	69005000	69050000	0.400969449354312	1
chr14	68745000	68860000	0.164897673656115	1
chr14	68720000	69290000	0.0634385479237072	1
chr14	68725000	69250000	0.0653466618153892	1
chr14	68720000	68955000	0.0968970214711811	1
chr14	68725000	68960000	0.0969798517471728	1
chr14	68695000	69275000	0.0632016685870613	1
chr14	68480000	68620000	0.138443974270429	1
chr14	68770000	68860000	0.198095515635071	1
chr14	68710000	69270000	0.0637972351797809	1
chr14	68870000	68960000	0.197435455478061	1
chr14	68735000	69270000	0.0637894203507383	1
chr14	68880000	68935000	0.316828707110876	1
chr14	68415000	68695000	0.0855500926174934	1
chr14	68395000	69290000	0.0578152299828528	1
chr14	68740000	68850000	0.164676703331249	1
chr14	68715000	68845000	0.142104645974029	1
chr14	68840000	69285000	0.0674472925487338	1
chr14	68710000	69295000	0.0608118636482164	1
chr14	68400000	69310000	0.0569148609515593	1
chr14	68745000	68855000	0.163602798825196	1
chr14	68750000	68805000	0.31411838017212	1
chr14	68715000	68875000	0.121207174432394	1
chr14	68865000	69285000	0.0688112008286015	1
chr14	68845000	69265000	0.0687053856446606	1
chr14	68730000	69270000	0.0622033576443722	1
chr14	68805000	69255000	0.0655233968340917	1
chr14	68875000	68965000	0.190864865670165	1
chr14	68735000	68840000	0.166531241702782	1
chr14	68865000	69280000	0.0679574039931119	1
chr14	68740000	69270000	0.0605143124773878	1
chr14	68415000	69285000	0.0546802505636098	1
chr14	68755000	69255000	0.0616661282252159	1
chr14	68395000	69295000	0.0548799054867517	1
chr14	68710000	69305000	0.0575179236843139	1
chr14	68710000	69260000	0.0594261101344501	1
chr14	68695000	69260000	0.0586205515777381	1
chr14	68415000	68685000	0.0821924061210025	1
chr14	69175000	69245000	0.240321169168432	1
chr14	68885000	68940000	0.306843057423219	1
chr14	68775000	69265000	0.0605989088139866	1
chr14	68405000	69300000	0.0527450162409911	1
chr14	68405000	69310000	0.0534503171666421	1
chr14	68785000	68855000	0.239294963748704	1
chr14	68780000	68850000	0.239078509889831	1
chr14	68855000	69255000	0.0660739094934334	1
chr14	68505000	68575000	0.238416191127549	1
chr14	68760000	68815000	0.305352441207205	1
chr14	68775000	68830000	0.30443440202802	1
chr14	68725000	68870000	0.123779322923957	1
chr14	68740000	68795000	0.304415731173329	1
chr14	68715000	69245000	0.057776920943725	1
chr14	68885000	69250000	0.0672925628789319	1
chr14	68755000	69260000	0.0585021689164197	1
chr14	68775000	68860000	0.194840400319425	1
chr14	68875000	69250000	0.0659748620609499	1
chr14	68700000	69290000	0.0560332338668199	1
chr14	68840000	69255000	0.0636513772154947	1
chr14	68790000	69255000	0.0599354129952293	1
chr14	68420000	68660000	0.0845780096410276	1
chr14	68865000	69270000	0.0637433321658942	1
chr14	68800000	69275000	0.0579674986931719	1
chr14	68405000	68685000	0.0768190180583653	1
chr14	68725000	69265000	0.056141043704558	1
chr14	68420000	68700000	0.0765696626374658	1
chr14	68405000	69255000	0.0507099429322999	1
chr14	68695000	69290000	0.0535202772664064	1
chr14	68755000	69275000	0.0555093362797372	1
chr14	68770000	69260000	0.056608382655191	1
chr14	68850000	69280000	0.0610607332294228	1
chr14	68415000	69295000	0.0493930324871256	1
chr14	68715000	69295000	0.0536305877041079	1
chr14	68395000	68710000	0.0702972588250218	1
chr14	68405000	69265000	0.0488555046463008	1
chr14	68420000	68710000	0.0730440329394186	1
chr14	68745000	69265000	0.0543797662255391	1
chr14	68760000	68825000	0.247681993493935	1
chr14	68695000	69280000	0.0529908598278826	1
chr14	68725000	68845000	0.138587573597678	1
chr14	68740000	69250000	0.0552480440358526	1
chr14	68720000	68860000	0.121874256770808	1
chr14	68835000	69275000	0.0587215108666365	1
chr14	68745000	69260000	0.0543804765161216	1
chr14	68760000	68840000	0.199088449091714	1
chr14	68680000	69285000	0.0513414608367206	1
chr14	68410000	69295000	0.0479778526874395	1
chr14	68745000	69250000	0.0544133468596061	1
chr14	68725000	69260000	0.0531272863902453	1
chr14	68770000	69285000	0.0536882652217353	1
chr14	68765000	69270000	0.0539170585466642	1
chr14	68740000	68820000	0.198006921250389	1
chr14	68540000	68665000	0.131139302431973	1
chr14	68795000	69255000	0.0559017087430312	1
chr14	68735000	68815000	0.19780882651467	1
chr14	68410000	68685000	0.073980702996141	1
chr14	68730000	69250000	0.0528194014764079	1
chr14	68425000	68695000	0.0742775585139268	1
chr14	68715000	69310000	0.0505520602192962	1
chr14	68400000	68685000	0.0716194719386898	1
chr14	68835000	69270000	0.0570938508404308	1
chr14	68420000	68685000	0.074556031378473	1
chr14	68730000	68795000	0.243241903012901	1
chr14	68785000	68850000	0.242752376227663	1
chr14	68410000	68675000	0.0741589615768161	1
chr14	68765000	68830000	0.242407293689885	1
chr14	68425000	68700000	0.0725069594446677	1
chr14	68415000	68640000	0.0817715638278563	1
chr14	68875000	69255000	0.059334154270118	1
chr14	68700000	69265000	0.0510599463096363	1
chr14	69170000	69250000	0.195005106245112	1
chr14	68385000	69290000	0.0469608864521119	1
chr14	68425000	68680000	0.0751191186374795	1
chr14	68390000	69295000	0.0469062540845124	1
chr14	68410000	68720000	0.0663141183241515	1
chr14	68780000	69270000	0.052839716165118	1
chr14	68720000	69295000	0.0499806148553175	1
chr14	68740000	68780000	0.41720706512854	1
chr14	68420000	68680000	0.0735820232594935	1
chr14	68805000	69275000	0.0528915769930591	1
chr14	68675000	69285000	0.047970967934831	1
chr14	68870000	68935000	0.239632149103693	1
chr14	68730000	69295000	0.04987235589135	1
chr14	68545000	68640000	0.163100957604478	1
chr14	68405000	69250000	0.0453613940613691	1
chr14	68400000	68700000	0.0665081769731255	1
chr14	68715000	69150000	0.0551898699936246	1
chr14	68720000	68830000	0.141908824174692	1
chr14	69155000	69195000	0.414417275473186	1
chr14	68425000	68670000	0.0751144322194989	1
chr14	68695000	69265000	0.0490578275530935	1
chr14	68695000	69285000	0.0483158017969734	1
chr14	68730000	69245000	0.0503087789861351	1
chr14	68840000	69265000	0.0551335427995572	1
chr14	68725000	68835000	0.141352160063721	1
chr14	68580000	68620000	0.413543955909264	1
chr14	68415000	69300000	0.0444742399113619	1
chr14	68705000	69245000	0.0493865882351197	1
chr14	68735000	69250000	0.0498527274898352	1
chr14	69000000	69040000	0.412175560562042	1
chr14	69165000	69205000	0.41212838997402	1
chr14	68435000	68665000	0.0772766859222878	1
chr14	68735000	69275000	0.0486732183683234	1
chr14	69165000	69215000	0.315526143931926	1
chr14	68750000	68790000	0.410859607252597	1
chr14	68410000	68695000	0.0669894973640175	1
chr14	68395000	69285000	0.0434806796723916	1
chr14	68890000	68940000	0.314821816788672	1
chr14	68460000	68500000	0.410084139771467	1
chr14	68765000	68805000	0.409903917520692	1
chr14	68480000	68520000	0.40968403967203	1
chr14	68700000	69305000	0.0461754364396588	1
chr14	68725000	68765000	0.409324671296739	1
chr14	69160000	69200000	0.409238707521134	1
chr14	68630000	68670000	0.408769784283486	1
chr14	68425000	68705000	0.0667218395561456	1
chr14	68835000	69285000	0.0509874649835551	1
chr14	68845000	69285000	0.0518563710376245	1
chr14	68410000	69270000	0.0425689045828675	1
chr14	69200000	69250000	0.312601795042087	1
chr14	68740000	68790000	0.312272799588051	1
chr14	69205000	69245000	0.407283886276551	1
chr14	68800000	68840000	0.407071506280095	1
chr14	68870000	69265000	0.0542082855571091	1
chr14	68755000	68860000	0.142492865136642	1
chr14	68635000	68675000	0.40686236688033	1
chr14	68465000	68540000	0.199363197556461	1
chr14	68845000	69275000	0.0522751485258427	1
chr14	68760000	68865000	0.141939816666877	1
chr14	68725000	68855000	0.116829008927114	1
chr14	69010000	69050000	0.405796113377935	1
chr14	68970000	69280000	0.0611150761713366	1
chr14	68770000	68810000	0.405606168417696	1
chr14	68705000	69295000	0.0455066817525429	1
chr14	68870000	69275000	0.0531332723790515	1
chr14	68875000	68950000	0.198094298679613	1
chr14	68765000	69280000	0.0470689807253203	1
chr14	68750000	68800000	0.309955686019626	1
chr14	68760000	69265000	0.047415967299745	1
chr14	68845000	69250000	0.0528220371484408	1
chr14	68790000	68840000	0.309626825331495	1
chr14	68970000	69250000	0.065069316073055	1
chr14	68720000	68770000	0.30953021820625	1
chr14	68745000	68795000	0.309384012772282	1
chr14	68685000	69295000	0.0438515972172308	1
chr14	68760000	69275000	0.0465845515270179	1
chr14	68775000	69280000	0.046938662273152	1
chr14	68730000	68780000	0.308519408146853	1
chr14	68765000	69265000	0.0474890377655603	1
chr14	68730000	68855000	0.119368537032032	1
chr14	68305000	69305000	0.0404945670964435	1
chr14	68755000	68865000	0.13415440129837	1
chr14	69005000	69110000	0.139861566017728	1
chr14	68675000	69255000	0.0448268426978333	1
chr14	68625000	68675000	0.307950565790483	1
chr14	68765000	69285000	0.0459459594833143	1
chr14	68415000	68700000	0.0632888182128644	1
chr14	68770000	68820000	0.307443134990974	1
chr14	68725000	68830000	0.139503433094042	1
chr14	68755000	68830000	0.195374031798455	1
chr14	68410000	68665000	0.0674379595522446	1
chr14	68805000	69280000	0.0470913065532044	1
chr14	68880000	68955000	0.195052819642086	1
chr14	68410000	69315000	0.0409197938926923	1
chr14	68405000	69275000	0.0402310027509827	1
chr14	68780000	69285000	0.0461319328816706	1
chr14	68425000	68645000	0.0744688086209694	1
chr14	68750000	69270000	0.0454796562541879	1
chr14	69195000	69245000	0.30618073946643	1
chr14	68720000	68825000	0.138451072753325	1
chr14	68795000	69270000	0.0467422233074511	1
chr14	68770000	69275000	0.0458148180761001	1
chr14	68420000	69285000	0.0400296335181595	1
chr14	69000000	69075000	0.193831437516966	1
chr14	68425000	68690000	0.0645994406508931	1
chr14	68720000	68845000	0.117407098339921	1
chr14	68860000	69280000	0.0497559098195677	1
chr14	68570000	68695000	0.116812245650637	1
chr14	68860000	69285000	0.0490921838304485	1
chr14	68865000	69265000	0.0507717541519159	1
chr14	68885000	69255000	0.0520778766027912	1
chr14	68415000	69310000	0.03926448104309	1
chr14	68870000	69270000	0.0505470829277839	1
chr14	68400000	69305000	0.0396229858169182	1
chr14	68730000	68850000	0.120666574431165	1
chr14	68400000	69275000	0.0388122989492774	1
chr14	69165000	69195000	0.576676785534892	1
chr14	68300000	69310000	0.038351205133645	1
chr14	68395000	69310000	0.0389609809267807	1
chr14	68830000	69250000	0.048553078440746	1
chr14	68775000	69250000	0.0452284290954212	1
chr14	68770000	69265000	0.0448753415189331	1
chr14	68455000	68540000	0.166792788740335	1
chr14	68715000	68830000	0.124113825703047	1
chr14	68570000	68670000	0.141401823321781	1
chr14	68790000	68820000	0.575292059366857	1
chr14	69180000	69240000	0.243261488988996	1
chr14	68755000	68870000	0.123886930885261	1
chr14	68865000	69250000	0.0499002021253041	1
chr14	68760000	68845000	0.166267976861708	1
chr14	68705000	69270000	0.0424447780478222	1
chr14	69165000	69225000	0.242870698604019	1
chr14	68685000	69290000	0.0410549889574273	1
chr14	68775000	68805000	0.574157245593916	1
chr14	68430000	68530000	0.140516335717555	1
chr14	68830000	69255000	0.0473438660503265	1
chr14	68755000	68825000	0.20414635602783	1
chr14	68415000	69280000	0.0378876188946363	1
chr14	68870000	68955000	0.16550227276994	1
chr14	69210000	69240000	0.573750292565385	1
chr14	68615000	68675000	0.241982210991085	1
chr14	68855000	69275000	0.0476220117087341	1
chr14	68770000	68940000	0.0868359291299386	1
chr14	68405000	68675000	0.0615099313948117	1
chr14	68365000	69305000	0.0369565711549528	1
chr14	68440000	68675000	0.0671361951158413	1
chr14	68750000	69265000	0.0427315268203051	1
chr14	68760000	68820000	0.241354829397402	1
chr14	68430000	68460000	0.572811893113974	1
chr14	68755000	68815000	0.24123143718466	1
chr14	68755000	68785000	0.572594262278798	1
chr14	68730000	68860000	0.108786664396556	1
chr14	68580000	68610000	0.572506451749501	1
