chr11	64790000	64840000	0.411714361305587	1
chr11	64795000	64815000	0.997527490524233	1
chr11	64795000	64845000	0.407588749822204	1
chr11	64800000	64840000	0.562214648333849	1
chr11	64810000	64830000	0.998510020580706	1
chr11	64810000	64840000	0.80062117357342	1
chr11	64815000	64835000	0.998453034835026	1
chr11	64900000	64945000	0.561052622418176	1
chr11	64905000	64925000	0.998123891381292	1
chr11	64910000	64940000	0.794570254736811	1
chr11	65035000	65080000	0.56596179108796	1
chr11	65035000	65085000	0.409064727407668	1
chr11	65035000	65095000	0.409746728486007	1
chr11	65040000	65060000	0.997871605280675	1
chr11	65040000	65075000	0.797627763354653	1
chr11	65040000	65080000	0.801352272529406	1
chr11	65040000	65085000	0.562200786674241	1
chr11	65040000	65090000	0.569430482952667	1
chr11	65045000	65080000	0.802275857520058	1
chr11	65050000	65070000	0.998169641529027	1
chr11	65055000	65075000	0.998386547610165	1
chr11	65060000	65080000	0.997929350015282	1
chr11	65100000	65120000	0.998089351818738	1
chr11	65110000	65280000	0.16868609845169	1
chr11	65120000	65275000	0.198975618096575	1
chr11	65120000	65280000	0.164019997525555	1
chr11	65120000	65285000	0.163957080089454	1
chr11	65125000	65275000	0.311793225263826	1
chr11	65125000	65280000	0.405641924253162	1
chr11	65125000	65285000	0.246418235556866	1
chr11	65125000	65290000	0.165216843971522	1
chr11	65130000	65180000	0.409682234931967	1
chr11	65130000	65270000	0.310016166242334	1
chr11	65130000	65275000	0.796175672908278	1
chr11	65130000	65280000	0.566787828526707	1
chr11	65130000	65285000	0.248487536040937	1
chr11	65130000	65290000	0.164749173011336	1
chr11	65135000	65270000	0.307484599056764	1
chr11	65135000	65275000	0.798151360151455	1
chr11	65135000	65280000	0.569427507706512	1
chr11	65135000	65285000	0.312032293986931	1
chr11	65135000	65290000	0.199088449091714	1
chr11	65140000	65170000	0.797876795646073	1
chr11	65140000	65175000	0.796406689472076	1
chr11	65140000	65270000	0.238203842590148	1
chr11	65140000	65275000	0.562410682776356	1
chr11	65140000	65280000	0.414203216275577	1
chr11	65140000	65285000	0.304048066567687	1
chr11	65140000	65290000	0.201339693762772	1
chr11	65145000	65170000	0.997925086333926	1
chr11	65145000	65175000	0.800227191545072	1
chr11	65145000	65265000	0.243967527829485	1
chr11	65145000	65270000	0.203295150323954	1
chr11	65145000	65275000	0.573365103191512	1
chr11	65145000	65280000	0.41339182952551	1
chr11	65145000	65285000	0.245766927107989	1
chr11	65150000	65170000	0.99999999999983	1
chr11	65150000	65175000	0.998196318652586	1
chr11	65150000	65180000	0.997907928596911	1
chr11	65150000	65270000	0.307425611257814	1
chr11	65150000	65275000	0.410731331305225	1
chr11	65150000	65280000	0.241516157928119	1
chr11	65150000	65285000	0.195933454993768	1
chr11	65155000	65175000	0.99795319549942	1
chr11	65155000	65180000	0.998008801875185	1
chr11	65155000	65275000	0.195824332887153	1
chr11	65160000	65180000	0.997730115812348	1
chr11	65160000	65285000	0.196769479234071	1
chr11	65165000	65270000	0.241011786201499	1
chr11	65165000	65285000	0.201583173645311	1
chr11	65170000	65275000	0.406416786076578	1
chr11	65175000	65270000	0.309036065082815	1
chr11	65175000	65275000	0.567473635716613	1
chr11	65175000	65280000	0.407129071757314	1
chr11	65175000	65285000	0.20414635602783	1
chr11	65180000	65230000	0.406645111927686	1
chr11	65180000	65260000	0.308640631388916	1
chr11	65180000	65265000	0.570000322016299	1
chr11	65180000	65270000	0.574839271056829	1
chr11	65180000	65275000	0.808302606609395	1
chr11	65180000	65280000	0.566274198317679	1
chr11	65180000	65285000	0.241493306248984	1
chr11	65185000	65205000	0.997880022610844	1
chr11	65185000	65235000	0.569471637925564	1
chr11	65185000	65250000	0.409416140943255	1
chr11	65185000	65255000	0.572630432866606	1
chr11	65185000	65260000	0.801652998355845	1
chr11	65185000	65265000	0.998418253600308	1
chr11	65185000	65270000	0.803641227558665	1
chr11	65185000	65275000	0.802954697519727	1
chr11	65185000	65280000	0.310524965143879	1
chr11	65190000	65210000	0.997842704974395	1
chr11	65190000	65220000	0.798579243140545	1
chr11	65190000	65235000	0.799501844460331	1
chr11	65190000	65240000	0.568131507232622	1
chr11	65190000	65245000	0.568168489644971	1
chr11	65190000	65250000	0.41068799216557	1
chr11	65190000	65255000	0.568615185337619	1
chr11	65190000	65260000	0.998196857663657	1
chr11	65190000	65265000	0.998633935899724	1
chr11	65190000	65270000	0.803490708441545	1
chr11	65190000	65275000	0.573444950091862	1
chr11	65195000	65215000	0.998214012781756	1
chr11	65195000	65220000	0.998265390029491	1
chr11	65195000	65225000	0.998139982799451	1
chr11	65195000	65230000	0.80344166960381	1
chr11	65195000	65235000	0.998171919577444	1
chr11	65195000	65240000	0.567802686518376	1
chr11	65195000	65245000	0.566242041668934	1
chr11	65195000	65255000	0.574157245593916	1
chr11	65195000	65260000	0.799253660748957	1
chr11	65195000	65265000	0.799632392334076	1
chr11	65195000	65270000	0.56973395676513	1
chr11	65195000	65275000	0.412629614606859	1
chr11	65200000	65220000	0.99999999999983	1
chr11	65200000	65225000	0.997890048221014	1
chr11	65200000	65230000	0.998364153497661	1
chr11	65200000	65235000	0.80373524157065	1
chr11	65200000	65240000	0.57226506490818	1
chr11	65200000	65260000	0.795700326884231	1
chr11	65200000	65265000	0.411446843731659	1
chr11	65200000	65275000	0.400063808329228	1
chr11	65205000	65225000	0.998495873920871	1
chr11	65205000	65230000	0.998790536830738	1
chr11	65205000	65235000	0.997698111854611	1
chr11	65205000	65240000	0.796622853432075	1
chr11	65205000	65255000	0.41433277570826	1
chr11	65205000	65260000	0.573228533802235	1
chr11	65205000	65265000	0.55851657331427	1
chr11	65205000	65270000	0.409695150928356	1
chr11	65210000	65230000	0.99999999999983	1
chr11	65210000	65235000	0.998524298952033	1
chr11	65210000	65240000	0.796529589535935	1
chr11	65210000	65250000	0.560422531800793	1
chr11	65210000	65255000	0.560321576282728	1
chr11	65210000	65260000	0.577227085935541	1
chr11	65215000	65235000	0.998331258315928	1
chr11	65215000	65250000	0.79524275518032	1
chr11	65215000	65260000	0.564855936094765	1
chr11	65215000	65265000	0.405805396444297	1
chr11	65220000	65240000	0.998450418015853	1
chr11	65220000	65260000	0.574501085927884	1
chr11	65220000	65265000	0.567643830323531	1
chr11	65225000	65255000	0.800481208199485	1
chr11	65225000	65260000	0.79926818112779	1
chr11	65225000	65265000	0.571176367947615	1
chr11	65230000	65250000	0.99755761783125	1
chr11	65230000	65255000	0.997918523952116	1
chr11	65230000	65260000	0.799250503367681	1
chr11	65230000	65270000	0.554944324204995	1
chr11	65235000	65255000	0.998633160478398	1
chr11	65235000	65260000	0.998589503039498	1
chr11	65235000	65265000	0.998284465168612	1
chr11	65235000	65270000	0.800549894988517	1
chr11	65240000	65260000	0.99999999999983	1
chr11	65240000	65265000	0.998318147304262	1
chr11	65240000	65270000	0.797698156924038	1
chr11	65245000	65265000	0.99858330313624	1
chr11	65305000	65335000	0.800766128496274	1
chr11	65310000	65330000	0.998469268027589	1
chr11	65315000	65335000	0.998473822055653	1
chr11	65355000	65375000	0.998802696196487	1
chr11	65360000	65380000	0.998245263369484	1
chr11	64790000	64845000	0.405800252753617	1
chr11	65040000	65095000	0.413505208033293	1
chr11	65180000	65235000	0.410011346930291	1
chr11	65185000	65240000	0.408248005786922	1
chr11	65195000	65250000	0.401782065658432	1
chr11	65200000	65255000	0.406627161086206	1
chr11	64780000	64845000	0.306648203647824	1
chr11	65200000	65270000	0.307568046096328	1
chr11	64805000	64840000	0.570378584442759	1
chr11	65150000	65185000	0.569420527634376	1
chr11	65220000	65255000	0.572072508498556	1
chr11	65175000	65265000	0.242669072320009	1
chr11	65145000	65235000	0.240102880165182	1
chr11	65165000	65280000	0.201959296953533	1
chr11	65310000	65335000	0.808884714966892	1
chr11	65170000	65280000	0.199702535250998	1
chr11	65150000	65265000	0.199183245043646	1
chr11	65170000	65285000	0.197232747840763	1
chr11	65145000	65290000	0.164897673656115	1
chr11	65115000	65280000	0.140217572588665	1
chr11	65305000	65330000	0.803800595813314	1
chr11	65180000	65240000	0.321562728018547	1
chr11	65130000	65265000	0.1661672491042	1
chr11	64810000	64835000	0.80144942256769	1
chr11	64815000	64840000	0.802149665299979	1
chr11	65050000	65075000	0.80338167989104	1
chr11	65215000	65240000	0.802817423326954	1
chr11	65225000	65250000	0.801144469417607	1
chr11	65355000	65380000	0.801424084714102	1
chr11	65030000	65065000	0.563706037552251	1
chr11	65145000	65180000	0.565209007420448	1
chr11	65210000	65245000	0.563495887798368	1
chr11	64905000	64930000	0.800527145183251	1
chr11	65220000	65245000	0.800594829878361	1
chr11	65050000	65085000	0.563085680425912	1
chr11	64810000	64845000	0.562626717444175	1
chr11	65165000	65275000	0.194962938615795	1
chr11	64900000	64925000	0.799744555242807	1
chr11	65035000	65060000	0.798903337884659	1
chr11	65040000	65065000	0.798766852678389	1
chr11	65345000	65370000	0.798371178253215	1
chr11	65350000	65375000	0.799869422682942	1
chr11	65035000	65070000	0.560542787257716	1
chr11	65135000	65265000	0.163110681513938	1
chr11	64910000	64935000	0.797998205330437	1
chr11	65185000	65245000	0.31411838017212	1
chr11	65055000	65080000	0.796706388816014	1
chr11	65140000	65165000	0.796671293614879	1
chr11	64780000	64840000	0.309384012772282	1
chr11	65175000	65235000	0.309173714226867	1
chr11	64885000	64945000	0.30860745874059	1
chr11	64920000	64945000	0.795232164221443	1
chr11	65185000	65285000	0.201227330505769	1
chr11	64820000	64845000	0.794702858715871	1
chr11	65245000	65270000	0.794447941885249	1
chr11	65170000	65270000	0.198006921250389	1
chr11	65135000	65180000	0.415262637912501	1
chr11	65310000	65355000	0.4152117979595	1
chr11	64965000	65085000	0.168974486355995	1
chr11	64990000	65090000	0.195475413180499	1
chr11	65170000	65290000	0.167883019403867	1
chr11	65045000	65090000	0.413239513550195	1
chr11	65210000	65270000	0.301848280156779	1
chr11	65200000	65245000	0.409923271830409	1
chr11	65130000	65175000	0.408639978947346	1
chr11	64795000	64840000	0.408080455307824	1
chr11	65205000	65250000	0.407979473455107	1
chr11	65225000	65270000	0.407888016538409	1
chr11	64800000	64845000	0.406591470007324	1
chr11	65130000	65295000	0.124465094475717	1
chr11	65120000	65290000	0.123434029579986	1
chr11	65170000	65265000	0.194840400319425	1
chr11	65150000	65290000	0.139700619901861	1
chr11	64990000	65080000	0.198492159098368	1
chr11	65125000	65265000	0.137275996390601	1
chr11	65210000	65265000	0.317570223841932	1
chr11	65150000	65260000	0.165837579757853	1
chr11	65035000	65090000	0.315984749059551	1
chr11	65160000	65275000	0.158789700952394	1
chr11	65115000	65275000	0.121470285202488	1
chr11	64875000	64945000	0.246779390894803	1
chr11	64780000	64850000	0.245502484373602	1
chr11	64785000	64840000	0.312026007022374	1
chr11	64780000	64885000	0.166928768207218	1
chr11	65160000	65290000	0.138977169888037	1
chr11	64795000	64850000	0.308971118234463	1
chr11	64805000	64860000	0.308748211793192	1
chr11	64890000	64945000	0.307886638938575	1
chr11	65030000	65085000	0.307439961131276	1
chr11	64990000	65095000	0.163213497401964	1
chr11	65165000	65290000	0.140433560436641	1
chr11	65150000	65235000	0.195052819642086	1
chr11	65100000	65280000	0.103999998436853	1
chr11	65195000	65280000	0.192439302549844	1
chr11	65125000	65270000	0.119955347856928	1
chr11	65150000	65295000	0.117695409259579	1
chr11	65115000	65285000	0.103497046501614	1
chr11	65140000	65300000	0.108232171521689	1
chr11	65210000	65275000	0.245002541887266	1
chr11	64980000	65080000	0.159079517887513	1
chr11	65145000	65240000	0.166531241702782	1
chr11	65140000	65295000	0.108186492149857	1
chr11	64805000	64845000	0.417443086726252	1
chr11	65105000	65285000	0.0955779982004163	1
chr11	65035000	65075000	0.416622800859881	1
chr11	65235000	65275000	0.415539173248167	1
chr11	65175000	65290000	0.136325919271807	1
chr11	64905000	64945000	0.413825602446048	1
chr11	65185000	65225000	0.413543955909264	1
chr11	65140000	65180000	0.413405130843722	1
chr11	65215000	65255000	0.411552838706583	1
chr11	65135000	65175000	0.411458291788051	1
chr11	65045000	65085000	0.411315748056615	1
chr11	65135000	65295000	0.101075940835292	1
chr11	64785000	64860000	0.202417921079342	1
chr11	65180000	65290000	0.138868343180601	1
chr11	65220000	65270000	0.313856567674517	1
chr11	65140000	65265000	0.123112799576768	1
chr11	65205000	65245000	0.40872959284892	1
chr11	65190000	65230000	0.408675931525766	1
chr11	65120000	65295000	0.0927072435886377	1
chr11	65155000	65280000	0.122325224481382	1
chr11	65135000	65305000	0.0945626513162099	1
chr11	65180000	65255000	0.199842224975856	1
chr11	65180000	65220000	0.407283886276551	1
chr11	64810000	64850000	0.407267539200593	1
chr11	64900000	64940000	0.407222915038697	1
chr11	65125000	65295000	0.0931743140000525	1
chr11	65160000	65270000	0.135087982441914	1
chr11	65110000	65275000	0.0945265014988184	1
chr11	64975000	65080000	0.140571191993061	1
chr11	65160000	65280000	0.124645563249539	1
chr11	65195000	65285000	0.16271263169892	1
chr11	65105000	65280000	0.0891647653693956	1
chr11	65155000	65270000	0.127918819652934	1
chr11	65150000	65255000	0.1385136878293	1
chr11	64795000	64855000	0.247701502956017	1
chr11	65030000	65090000	0.246687066622318	1
chr11	65145000	65195000	0.303388358201563	1
chr11	64815000	64845000	0.576676785534892	1
chr11	64785000	64845000	0.244310247430846	1
chr11	65135000	65235000	0.141488897155783	1
chr11	64780000	64880000	0.141337053325919	1
chr11	65345000	65375000	0.575292059366857	1
chr11	65175000	65260000	0.166357719825889	1
chr11	65145000	65230000	0.165921283342807	1
chr11	65035000	65065000	0.573750292565385	1
chr11	65125000	65300000	0.0847742385635699	1
chr11	65205000	65275000	0.203540182818876	1
chr11	65050000	65080000	0.572688601190788	1
chr11	64990000	65075000	0.164049846823331	1
chr11	65130000	65260000	0.107920537548836	1
chr11	65045000	65075000	0.570793766500472	1
chr11	65130000	65230000	0.138217305111118	1
chr11	65115000	65290000	0.0832543069348775	1
chr11	65145000	65260000	0.120916808031915	1
chr11	65135000	65310000	0.0830156376040467	1
chr11	65120000	65270000	0.0942910421455448	1
chr11	64905000	64935000	0.568289685685328	1
chr11	64970000	65080000	0.12437270132372	1
chr11	64915000	64945000	0.568023985620251	1
chr11	64990000	65020000	0.567326528841742	1
chr11	65130000	65200000	0.198903156147037	1
chr11	65140000	65225000	0.160686458300293	1
chr11	65220000	65250000	0.567085508468117	1
chr11	65130000	65305000	0.0814466966778074	1
chr11	64970000	65095000	0.10961441336557	1
chr11	65010000	65080000	0.198584121112715	1
chr11	65185000	65215000	0.56650775168958	1
chr11	65180000	65250000	0.198106053413813	1
chr11	64790000	64860000	0.198094298679613	1
chr11	64995000	65025000	0.565866275032555	1
chr11	65040000	65070000	0.565663152082601	1
chr11	65130000	65300000	0.0826680614190004	1
