chr18	60675000	60740000	0.313470636424766	1
chr18	60680000	60730000	0.407222915038697	1
chr18	60680000	60735000	0.566242041668934	1
chr18	60680000	60740000	0.567802686518376	1
chr18	60680000	60985000	0.164760108588672	1
chr18	60680000	60990000	0.318675503289534	1
chr18	60680000	60995000	0.246094488791456	1
chr18	60680000	61000000	0.202860307743136	1
chr18	60680000	61005000	0.124291972838811	1
chr18	60680000	61010000	0.135224549932042	1
chr18	60685000	60735000	0.794447941885249	1
chr18	60685000	60740000	0.565268138138942	1
chr18	60685000	60995000	0.117695409259579	1
chr18	60690000	60735000	0.568067129020961	1
chr18	60690000	60740000	0.571298576555975	1
chr18	60690000	60990000	0.163110681513938	1
chr18	60695000	60735000	0.564855936094765	1
chr18	60700000	60735000	0.794980069771461	1
chr18	60705000	60725000	0.997698111854611	1
chr18	60710000	60730000	0.998317331905524	1
chr18	60710000	60740000	0.80062117357342	1
chr18	60740000	60985000	0.166668252256796	1
chr18	60745000	60765000	0.998856981172166	1
chr18	60775000	60985000	0.166908563479269	1
chr18	60775000	60990000	0.138151614195242	1
chr18	60780000	60985000	0.198911462949536	1
chr18	60780000	60990000	0.240965573821061	1
chr18	60780000	60995000	0.141337053325919	1
chr18	60785000	60980000	0.197776330504661	1
chr18	60785000	60985000	0.23923095900996	1
chr18	60785000	60990000	0.238428525136593	1
chr18	60790000	60980000	0.243617604657215	1
chr18	60790000	60985000	0.415469621166727	1
chr18	60790000	60990000	0.314287170237044	1
chr18	60790000	60995000	0.250519210502555	1
chr18	60790000	61000000	0.247534937733639	1
chr18	60795000	60980000	0.403338996405402	1
chr18	60795000	60985000	0.566787828526707	1
chr18	60795000	60990000	0.574839271056829	1
chr18	60795000	60995000	0.20414635602783	1
chr18	60795000	61000000	0.200170934860935	1
chr18	60800000	60820000	0.99827872513732	1
chr18	60800000	60970000	0.166928768207218	1
chr18	60800000	60975000	0.307968125682057	1
chr18	60800000	60980000	0.41068799216557	1
chr18	60800000	60985000	0.798571526707803	1
chr18	60800000	60990000	0.414781806117937	1
chr18	60800000	60995000	0.299343719551412	1
chr18	60800000	61005000	0.165383617249057	1
chr18	60805000	60970000	0.202064331237016	1
chr18	60805000	60975000	0.246950039761808	1
chr18	60805000	60980000	0.414417275473186	1
chr18	60805000	60985000	0.411280413121912	1
chr18	60805000	60990000	0.242939658926636	1
chr18	60810000	60975000	0.201444578894417	1
chr18	60810000	60980000	0.405800252753617	1
chr18	60810000	60985000	0.413825602446048	1
chr18	60815000	60975000	0.248678115381198	1
chr18	60815000	60980000	0.568033930049858	1
chr18	60815000	60985000	0.414880927926877	1
chr18	60820000	60970000	0.310110248315634	1
chr18	60820000	60975000	0.560422531800793	1
chr18	60820000	60980000	0.798866068731098	1
chr18	60820000	60985000	0.569161609239793	1
chr18	60820000	60990000	0.239987040842205	1
chr18	60825000	60845000	0.998139982799451	1
chr18	60825000	60850000	0.997925086333926	1
chr18	60825000	60855000	0.998347728893153	1
chr18	60825000	60860000	0.802371450950569	1
chr18	60825000	60875000	0.40968403967203	1
chr18	60825000	60965000	0.198094298679613	1
chr18	60825000	60970000	0.402065272074571	1
chr18	60825000	60975000	0.796827350384263	1
chr18	60825000	60980000	0.998040974841874	1
chr18	60825000	60985000	0.567359687778466	1
chr18	60825000	60990000	0.166256773190304	1
chr18	60830000	60850000	0.99999999999983	1
chr18	60830000	60855000	0.998802696196487	1
chr18	60830000	60860000	0.800594829878361	1
chr18	60830000	60870000	0.572688601190788	1
chr18	60830000	60975000	0.30853861822798	1
chr18	60830000	60980000	0.316664411664173	1
chr18	60830000	60985000	0.244942430509922	1
chr18	60835000	60855000	0.99999999999983	1
chr18	60835000	60975000	0.199809789638158	1
chr18	60835000	60980000	0.201804668520642	1
chr18	60840000	60860000	0.99795319549942	1
chr18	60840000	60975000	0.245724062033176	1
chr18	60845000	60975000	0.204281962233074	1
chr18	60845000	60980000	0.199806577131647	1
chr18	60850000	60870000	0.99804368986906	1
chr18	60850000	60975000	0.240148505838039	1
chr18	60850000	60980000	0.199842224975856	1
chr18	60855000	60875000	0.998214974547793	1
chr18	60855000	60980000	0.406627161086206	1
chr18	60855000	60985000	0.194700334498035	1
chr18	60860000	60880000	0.998110493486496	1
chr18	60860000	60980000	0.408675931525766	1
chr18	60870000	60975000	0.240904764518102	1
chr18	60875000	60895000	0.99755761783125	1
chr18	60875000	60975000	0.240926837112321	1
chr18	60875000	60980000	0.242723278967429	1
chr18	60880000	60900000	0.998196318652586	1
chr18	60880000	60960000	0.306030953379063	1
chr18	60885000	60905000	0.998123891381292	1
chr18	60900000	60920000	0.998364153497661	1
chr18	60900000	60930000	0.79524275518032	1
chr18	60900000	60950000	0.400063808329228	1
chr18	60905000	60925000	0.998171919577444	1
chr18	60905000	60955000	0.405641924253162	1
chr18	60910000	60930000	0.998245263369484	1
chr18	60915000	60935000	0.99827256306595	1
chr18	60920000	60940000	0.998275033031325	1
chr18	60925000	60945000	0.998601036078431	1
chr18	60925000	60955000	0.79926818112779	1
chr18	60935000	60955000	0.998209584767306	1
chr18	60945000	60965000	0.997842704974395	1
chr18	60950000	60970000	0.998135917201992	1
chr18	60955000	60975000	0.998214012781756	1
chr18	61035000	61055000	0.997527490524233	1
chr18	61035000	61080000	0.563085680425912	1
chr18	61040000	61070000	0.799501844460331	1
chr18	61045000	61075000	0.7934861930461	1
chr18	61050000	61070000	0.998265390029491	1
chr18	61050000	61080000	0.800528815544018	1
chr18	61055000	61075000	0.998361050720737	1
chr18	61055000	61085000	0.794702858715871	1
chr18	61060000	61080000	0.998008801875185	1
chr18	60885000	60920000	0.576052201369539	1
chr18	60830000	60885000	0.407588749822204	1
chr18	60815000	60970000	0.166357719825889	1
chr18	60775000	60980000	0.145109004303728	1
chr18	60770000	60980000	0.142492865136642	1
chr18	60785000	60995000	0.146987041101639	1
chr18	60695000	60990000	0.118800136830161	1
chr18	60685000	60990000	0.121503217073406	1
chr18	60690000	60995000	0.118405298237481	1
chr18	60695000	60730000	0.572272051785449	1
chr18	60835000	60870000	0.56973395676513	1
chr18	60900000	60935000	0.569471637925564	1
chr18	60925000	60960000	0.570787010970432	1
chr18	60885000	60970000	0.241516157928119	1
chr18	60785000	61005000	0.124218367970846	1
chr18	60675000	60990000	0.118883447646004	1
chr18	60885000	60975000	0.236856348505179	1
chr18	60795000	60970000	0.141362851025065	1
chr18	60860000	60975000	0.199702535250998	1
chr18	60765000	60985000	0.121470285202488	1
chr18	60950000	60975000	0.803950745627965	1
chr18	60705000	60730000	0.801112689807622	1
chr18	60745000	60770000	0.801652998355845	1
chr18	60890000	60915000	0.80144942256769	1
chr18	60940000	60965000	0.801364205082177	1
chr18	61050000	61075000	0.801194391855083	1
chr18	61055000	61080000	0.802493431600368	1
chr18	60705000	60740000	0.563889054984906	1
chr18	61045000	61080000	0.56404108914116	1
chr18	61050000	61085000	0.565209007420448	1
chr18	60885000	60965000	0.239957178960624	1
chr18	60820000	60965000	0.158789700952394	1
chr18	60710000	60735000	0.800176358665426	1
chr18	60855000	60965000	0.195231722423412	1
chr18	60855000	60880000	0.799869422682942	1
chr18	60895000	60920000	0.798579243140545	1
chr18	60915000	60940000	0.798766852678389	1
chr18	60945000	60970000	0.799253660748957	1
chr18	60685000	60985000	0.102862227718229	1
chr18	60900000	60925000	0.797698156924038	1
chr18	60935000	60960000	0.798151360151455	1
chr18	60830000	60865000	0.55682657845846	1
chr18	60880000	60915000	0.55990878271158	1
chr18	60925000	60950000	0.797039591769217	1
chr18	60785000	61000000	0.11764831823644	1
chr18	60835000	60860000	0.796622853432075	1
chr18	60885000	60910000	0.796529589535935	1
chr18	60920000	60945000	0.796671293614879	1
chr18	60795000	61010000	0.117199655735771	1
chr18	60715000	60740000	0.796406689472076	1
chr18	60910000	60935000	0.796356539113133	1
chr18	60770000	60795000	0.796175672908278	1
chr18	60905000	60930000	0.79533809053578	1
chr18	60955000	60980000	0.795486234952969	1
chr18	61000000	61025000	0.795489516681574	1
chr18	60870000	60895000	0.794832033652425	1
chr18	61045000	61070000	0.794570254736811	1
chr18	60850000	60875000	0.793600854386656	1
chr18	60790000	60975000	0.123440134234725	1
chr18	60805000	60995000	0.117746303704075	1
chr18	60830000	60875000	0.414612580243769	1
chr18	60810000	60995000	0.121836468374385	1
chr18	60865000	60965000	0.195379541540799	1
chr18	60825000	60870000	0.413543955909264	1
chr18	60770000	60990000	0.108358413361251	1
chr18	60690000	60985000	0.093186672274244	1
chr18	60680000	60780000	0.193831437516966	1
chr18	60685000	60730000	0.411714361305587	1
chr18	60920000	60965000	0.411675584478365	1
chr18	60855000	60975000	0.166005676693393	1
chr18	60810000	60990000	0.121409431217584	1
chr18	60835000	60985000	0.141095165795412	1
chr18	60685000	60780000	0.199824455422088	1
chr18	60895000	60940000	0.409416140943255	1
chr18	60765000	60990000	0.103988656807028	1
chr18	60695000	60985000	0.0915292208773298	1
chr18	60780000	61000000	0.105140435719826	1
chr18	60770000	60985000	0.106603561402413	1
chr18	60775000	60995000	0.103663355201918	1
chr18	60875000	60970000	0.194840400319425	1
chr18	60835000	60970000	0.144104498399666	1
chr18	61040000	61085000	0.401736919321769	1
chr18	60835000	60950000	0.163438704417916	1
chr18	60785000	60975000	0.110292204807419	1
chr18	60675000	61010000	0.0794915968977302	1
chr18	60840000	60980000	0.136613563554493	1
chr18	60890000	60980000	0.195824332887153	1
chr18	60800000	61000000	0.105817918870316	1
chr18	60685000	60775000	0.194494677138037	1
chr18	60810000	60970000	0.120666574431165	1
chr18	60850000	60960000	0.16271263169892	1
chr18	60780000	60980000	0.102378578704461	1
chr18	60885000	60955000	0.24307196761007	1
chr18	60890000	60975000	0.199864433359757	1
chr18	60900000	60955000	0.310016166242334	1
chr18	60695000	61000000	0.0763367009113761	1
chr18	60860000	60965000	0.162947230145794	1
chr18	60860000	60985000	0.140067421105168	1
chr18	60675000	61005000	0.0717539270853841	1
chr18	60690000	61005000	0.0732448316357708	1
chr18	60875000	60960000	0.194521717411843	1
chr18	60880000	60965000	0.194168728022217	1
chr18	60675000	61000000	0.0711915495919576	1
chr18	60795000	61025000	0.0871134666951342	1
chr18	60745000	60985000	0.0846220677727576	1
chr18	60820000	60960000	0.124344753417546	1
chr18	60845000	60960000	0.145511719473497	1
chr18	60840000	60985000	0.118803232578559	1
chr18	60900000	60965000	0.24716320644485	1
chr18	60680000	60980000	0.0709136885297488	1
chr18	60685000	61005000	0.0680151194982025	1
chr18	60820000	60955000	0.124503493759143	1
chr18	60785000	61010000	0.0826203804079701	1
chr18	60890000	60955000	0.242645815575046	1
chr18	60830000	60970000	0.11835719328586	1
chr18	60745000	60980000	0.079053488620359	1
chr18	60700000	60990000	0.0693484768279105	1
chr18	60920000	60960000	0.417510696487849	1
chr18	60770000	60970000	0.0884728889729172	1
chr18	61035000	61075000	0.416900566148541	1
chr18	60870000	60965000	0.16389566149452	1
chr18	60680000	61105000	0.0562744810444421	1
chr18	60685000	61105000	0.056434239795363	1
chr18	61045000	61085000	0.415842805420026	1
chr18	60865000	60980000	0.137275996390601	1
chr18	60790000	61010000	0.0818528082210746	1
chr18	60925000	60965000	0.4152117979595	1
chr18	60765000	60980000	0.0827904401010694	1
chr18	60825000	60900000	0.205139136569051	1
chr18	61040000	61080000	0.413790905588835	1
chr18	60700000	60740000	0.413678637121642	1
chr18	60795000	61005000	0.0826774218268005	1
chr18	60905000	60945000	0.413239513550195	1
chr18	60895000	60960000	0.237381363871838	1
chr18	60885000	60925000	0.412175560562042	1
chr18	61035000	61085000	0.316510515014733	1
chr18	60690000	60730000	0.411486492683187	1
chr18	60690000	61000000	0.0633127433202041	1
chr18	60805000	60960000	0.103488219953007	1
chr18	60690000	61015000	0.0614795341305516	1
chr18	60785000	61025000	0.0739331464377094	1
chr18	60820000	60860000	0.409901962532653	1
chr18	60675000	61110000	0.0527682430994381	1
chr18	60860000	60970000	0.138736874683843	1
chr18	60675000	60995000	0.0616661282252159	1
chr18	60885000	60960000	0.200874532866716	1
chr18	60695000	60995000	0.0637627117359223	1
chr18	60680000	60790000	0.138272509357627	1
chr18	60845000	60955000	0.138217305111118	1
chr18	60935000	60975000	0.408639978947346	1
chr18	60860000	60950000	0.165686576069331	1
chr18	60875000	60985000	0.137081330875798	1
chr18	60830000	60880000	0.311946317728504	1
chr18	60855000	60960000	0.142110742858302	1
chr18	60825000	60950000	0.120958595692165	1
chr18	60875000	60915000	0.405606168417696	1
chr18	60680000	61095000	0.0527450162409911	1
chr18	60810000	60960000	0.103276707995458	1
chr18	60870000	60920000	0.30958282959756	1
chr18	60770000	60995000	0.0745945550706871	1
chr18	60820000	60945000	0.119544267480806	1
chr18	60675000	61100000	0.0509303961217827	1
chr18	60920000	60970000	0.307886638938575	1
chr18	60835000	60885000	0.307484599056764	1
chr18	60915000	60965000	0.307268733204896	1
chr18	60880000	60940000	0.248492727880031	1
chr18	61020000	61070000	0.306631617513663	1
chr18	60925000	60975000	0.306287239263363	1
chr18	60815000	60990000	0.0884977009936115	1
chr18	60790000	61005000	0.0751434244407958	1
chr18	60805000	61000000	0.0807659733329988	1
chr18	60690000	60790000	0.143756337305961	1
chr18	60795000	60975000	0.0851648733512593	1
chr18	60685000	61010000	0.0558117548280453	1
chr18	60700000	61005000	0.0578227698909828	1
chr18	60885000	60935000	0.301842455135551	1
chr18	60895000	60955000	0.243848557468628	1
chr18	60685000	60785000	0.141480226187189	1
chr18	60815000	60955000	0.103278760887489	1
chr18	60755000	60990000	0.0678347794330846	1
chr18	60690000	61010000	0.0551898699936246	1
chr18	60700000	60985000	0.0595049099023444	1
chr18	60805000	60955000	0.0965349543205515	1
chr18	60885000	60915000	0.573689439090579	1
chr18	60680000	61015000	0.0533543330589973	1
chr18	60880000	60980000	0.13945725941624	1
chr18	60685000	61100000	0.0477397404818534	1
chr18	60705000	60735000	0.571875900807651	1
chr18	60685000	61000000	0.0546702656229385	1
chr18	60695000	60725000	0.571785744207808	1
chr18	60705000	60995000	0.057776920943725	1
chr18	60675000	60985000	0.0551277508036854	1
chr18	60895000	60925000	0.57158575953572	1
chr18	60895000	60980000	0.163624721541241	1
chr18	60950000	60980000	0.571176367947615	1
chr18	60700000	60980000	0.0589186408207771	1
chr18	60680000	61100000	0.0463814532880926	1
chr18	60855000	60970000	0.120623143435657	1
chr18	60785000	61030000	0.0635184978501937	1
chr18	60825000	60955000	0.107110036294003	1
chr18	60685000	60745000	0.238203842590148	1
chr18	60870000	60970000	0.137148987357373	1
chr18	60880000	60975000	0.144266483454609	1
chr18	60890000	60920000	0.568409789522697	1
chr18	60840000	60870000	0.568366589426951	1
chr18	60680000	60800000	0.114942222910143	1
chr18	60690000	61100000	0.0464135876957136	1
chr18	60770000	60975000	0.0720144038788372	1
chr18	60735000	60990000	0.0609494042447185	1
chr18	60700000	60730000	0.567456516757297	1
chr18	60770000	60800000	0.567326528841742	1
chr18	60705000	60985000	0.0572176098087209	1
chr18	60685000	61015000	0.0512449369115879	1
chr18	60845000	60965000	0.113947642830086	1
chr18	60780000	61005000	0.0664674479889649	1
chr18	60745000	60775000	0.56650775168958	1
chr18	60755000	60985000	0.0649060690897605	1
chr18	60935000	60965000	0.565866275032555	1
chr18	60815000	60965000	0.0920179121565042	1
chr18	60910000	60940000	0.565663152082601	1
chr18	60740000	60770000	0.565659763226354	1
chr18	60700000	61000000	0.0536840403061932	1
chr18	60835000	60965000	0.104630160799406	1
chr18	60760000	60990000	0.064586905909878	1
chr18	60930000	60960000	0.564991002977197	1
chr18	60795000	61015000	0.0668763083438844	1
chr18	60870000	60980000	0.122281557907975	1
chr18	60690000	60980000	0.0547801057970798	1
chr18	60730000	60990000	0.058683618145484	1
chr18	60680000	61020000	0.0489522466475462	1
chr18	60735000	61005000	0.0572393340056969	1
chr18	60885000	60980000	0.140385507373704	1
chr18	60940000	60970000	0.562086047928196	1
chr18	60710000	60990000	0.0550512260941345	1
chr18	60905000	60935000	0.56118337540566	1
chr18	60840000	60970000	0.102063758234309	1
chr18	60815000	60960000	0.0923466338565018	1
chr18	60695000	60775000	0.166917085411481	1
chr18	60775000	61000000	0.0637273346794711	1
chr18	60915000	60945000	0.560542787257716	1
chr18	60690000	60720000	0.56036423570498	1
chr18	60740000	60995000	0.0575179236843139	1
chr18	60800000	60965000	0.0812349508705169	1
chr18	60785000	61015000	0.061803952966724	1
chr18	60865000	60960000	0.137274129497904	1
chr18	60790000	60970000	0.0751144322194989	1
chr18	60845000	60985000	0.0941190342794375	1
chr18	60780000	61010000	0.0610300990140509	1
chr18	60685000	61110000	0.0413297195779551	1
chr18	60685000	60980000	0.0510599463096363	1
chr18	60775000	61005000	0.0607874244252344	1
chr18	60865000	60975000	0.116761505103937	1
chr18	60680000	60975000	0.0505543061278854	1
chr18	60870000	60900000	0.555485003178442	1
chr18	60750000	60990000	0.0582504412198184	1
chr18	60860000	60890000	0.554944324204995	1
chr18	60780000	61015000	0.0588769067775743	1
chr18	60865000	60970000	0.121157722464994	1
chr18	60875000	60965000	0.142018421270071	1
chr18	60825000	60945000	0.105843833745753	1
chr18	60680000	61030000	0.0439967572835026	1
chr18	60690000	61020000	0.0458839741333885	1
chr18	60775000	61015000	0.0571728985986784	1
chr18	60700000	60995000	0.0492204769192568	1
chr18	60715000	60985000	0.0523512243482336	1
chr18	60800000	61010000	0.0624287741745223	1
chr18	60870000	60945000	0.171505137722103	1
