chr12	11700000	12185000	0.092318324030756	1
chr12	11705000	12180000	0.119619402382734	1
chr12	11710000	12180000	0.121896685727966	1
chr12	11715000	11895000	0.164049846823331	1
chr12	11715000	11910000	0.171505137722103	1
chr12	11715000	11915000	0.166908563479269	1
chr12	11715000	12160000	0.124010395663097	1
chr12	11715000	12165000	0.0927072435886377	1
chr12	11715000	12175000	0.0919461947502363	1
chr12	11715000	12180000	0.139330598834247	1
chr12	11720000	11910000	0.145511719473497	1
chr12	11720000	11915000	0.169054785527067	1
chr12	11720000	11985000	0.127462970540908	1
chr12	11720000	12160000	0.161093532571953	1
chr12	11720000	12175000	0.166668252256796	1
chr12	11720000	12180000	0.117274408649721	1
chr12	11720000	12185000	0.165837579757853	1
chr12	11725000	12175000	0.170196326052484	1
chr12	11725000	12180000	0.123440134234725	1
chr12	11725000	12185000	0.195693319120255	1
chr12	11730000	11800000	0.413678637121642	1
chr12	11730000	11880000	0.201583173645311	1
chr12	11730000	11895000	0.146987041101639	1
chr12	11730000	11905000	0.159639069506743	1
chr12	11730000	11985000	0.125244629604045	1
chr12	11730000	12160000	0.137313623540781	1
chr12	11730000	12175000	0.169043757550468	1
chr12	11730000	12180000	0.164760108588672	1
chr12	11730000	12185000	0.308800821934878	1
chr12	11730000	12190000	0.0921582980138716	1
chr12	11735000	11800000	0.321562728018547	1
chr12	11735000	12175000	0.134568239045595	1
chr12	11735000	12180000	0.165686576069331	1
chr12	11735000	12185000	0.200750167188803	1
chr12	11735000	12190000	0.131139302431973	1
chr12	11740000	11760000	0.997730115812348	1
chr12	11740000	11790000	0.403981348259232	1
chr12	11750000	11770000	0.998135917201992	1
chr12	11775000	11795000	0.998209584767306	1
chr12	11800000	11880000	0.305690661215685	1
chr12	11800000	11980000	0.142018421270071	1
chr12	11805000	11855000	0.405805396444297	1
chr12	11805000	11870000	0.408248005786922	1
chr12	11805000	11875000	0.410734318053667	1
chr12	11805000	11880000	0.415469621166727	1
chr12	11805000	11895000	0.311793225263826	1
chr12	11805000	11915000	0.300368987080271	1
chr12	11805000	12185000	0.109434234046738	1
chr12	11810000	11830000	0.998688254570091	1
chr12	11810000	11835000	0.9980395889885	1
chr12	11810000	11840000	0.797876795646073	1
chr12	11810000	11845000	0.795486234952969	1
chr12	11810000	11850000	0.572272051785449	1
chr12	11810000	11860000	0.415262637912501	1
chr12	11815000	11835000	0.998123891381292	1
chr12	11815000	11845000	0.798371178253215	1
chr12	11820000	11840000	0.998345365507844	1
chr12	11820000	11850000	0.796175672908278	1
chr12	11825000	11845000	0.998008801875185	1
chr12	11825000	11865000	0.560321576282728	1
chr12	11830000	11850000	0.997890048221014	1
chr12	11830000	11860000	0.796406689472076	1
chr12	11845000	11865000	0.99755761783125	1
chr12	11855000	11875000	0.99795319549942	1
chr12	11875000	11915000	0.562200786674241	1
chr12	11880000	11900000	0.998005746423071	1
chr12	11880000	11915000	0.796356539113133	1
chr12	11880000	11930000	0.411446843731659	1
chr12	11885000	11905000	0.998386547610165	1
chr12	11885000	11910000	0.99827256306595	1
chr12	11885000	11915000	0.997527490524233	1
chr12	11885000	11925000	0.568033930049858	1
chr12	11885000	11930000	0.555485003178442	1
chr12	11885000	11935000	0.411280413121912	1
chr12	11890000	11910000	0.998196857663657	1
chr12	11890000	11985000	0.241430232535574	1
chr12	11895000	11915000	0.998221752503769	1
chr12	11900000	11930000	0.798571526707803	1
chr12	11900000	11980000	0.311268468038835	1
chr12	11910000	11930000	0.998196318652586	1
chr12	11915000	11985000	0.562801146082429	1
chr12	11920000	11960000	0.560422531800793	1
chr12	11920000	11980000	0.405641924253162	1
chr12	11930000	11970000	0.565268138138942	1
chr12	11930000	11980000	0.407267539200593	1
chr12	11930000	11985000	0.560542787257716	1
chr12	11935000	11955000	0.998790536830738	1
chr12	11935000	11965000	0.796622853432075	1
chr12	11935000	11975000	0.795700326884231	1
chr12	11935000	11985000	0.415295339897373	1
chr12	11940000	11960000	0.998510020580706	1
chr12	11945000	11965000	0.997925086333926	1
chr12	11950000	11970000	0.998110493486496	1
chr12	11965000	11985000	0.998169641529027	1
chr12	11980000	12180000	0.193831437516966	1
chr12	11985000	12160000	0.202957426960514	1
chr12	11985000	12165000	0.162331497850554	1
chr12	11985000	12170000	0.167883019403867	1
chr12	11985000	12175000	0.140571191993061	1
chr12	12015000	12035000	0.998033856961408	1
chr12	12055000	12085000	0.796827350384263	1
chr12	12055000	12095000	0.565659763226354	1
chr12	12055000	12105000	0.409682234931967	1
chr12	12060000	12080000	0.997842704974395	1
chr12	12060000	12090000	0.798418781327108	1
chr12	12070000	12100000	0.79926818112779	1
chr12	12080000	12100000	0.998214974547793	1
chr12	12095000	12115000	0.998275033031325	1
chr12	12130000	12150000	0.998041623538146	1
chr12	12130000	12160000	0.798579243140545	1
chr12	12135000	12155000	0.99999999999983	1
chr12	12135000	12160000	0.99826540849339	1
chr12	11735000	11790000	0.413505208033293	1
chr12	11740000	11795000	0.405800252753617	1
chr12	11810000	11865000	0.409416140943255	1
chr12	11810000	11875000	0.306917732687241	1
chr12	11800000	11870000	0.314949485029843	1
chr12	11985000	12185000	0.136209430365486	1
chr12	11730000	12170000	0.0996240583601286	1
chr12	11715000	12185000	0.0931528662396901	1
chr12	11805000	11840000	0.572688601190788	1
chr12	12080000	12115000	0.569427507706512	1
chr12	11895000	11985000	0.241493306248984	1
chr12	11730000	11915000	0.143756337305961	1
chr12	11750000	12185000	0.100787722364202	1
chr12	11800000	11915000	0.202857754086475	1
chr12	11735000	11770000	0.568615185337619	1
chr12	11805000	11920000	0.192439302549844	1
chr12	11715000	11885000	0.137884574933701	1
chr12	11825000	11850000	0.80513727521177	1
chr12	11830000	11855000	0.807930202853272	1
chr12	11935000	11960000	0.806626715430154	1
chr12	11740000	11775000	0.56650775168958	1
chr12	11815000	11850000	0.566242041668934	1
chr12	11885000	11920000	0.566613397185004	1
chr12	11890000	11925000	0.565663152082601	1
chr12	12060000	12095000	0.567326528841742	1
chr12	12085000	12120000	0.567329488243188	1
chr12	11715000	12170000	0.0864954860612971	1
chr12	11800000	11975000	0.137671230812607	1
chr12	11750000	11775000	0.801890386478155	1
chr12	11820000	11845000	0.803171974890081	1
chr12	11890000	11915000	0.803490708441545	1
chr12	11940000	11965000	0.801596353911959	1
chr12	12130000	12155000	0.801480099930608	1
chr12	12070000	12105000	0.563889054984906	1
chr12	11720000	11800000	0.239987040842205	1
chr12	11805000	11885000	0.240372178914229	1
chr12	11905000	11985000	0.243247028179429	1
chr12	11800000	11910000	0.196275509761208	1
chr12	11710000	12185000	0.0850144900459476	1
chr12	11815000	11840000	0.800560892246373	1
chr12	12060000	12085000	0.800528815544018	1
chr12	11895000	11930000	0.563085680425912	1
chr12	12045000	12125000	0.239632149103693	1
chr12	11805000	11910000	0.201804668520642	1
chr12	11880000	11985000	0.199610730438185	1
chr12	12050000	12155000	0.199702535250998	1
chr12	11705000	11730000	0.798371578792862	1
chr12	11905000	11930000	0.799224070389148	1
chr12	11945000	11970000	0.799744555242807	1
chr12	12070000	12095000	0.798957350253693	1
chr12	12075000	12100000	0.799453069251224	1
chr12	11830000	11865000	0.561052622418176	1
chr12	11735000	11795000	0.316510515014733	1
chr12	11805000	11830000	0.798151360151455	1
chr12	11930000	11955000	0.797627383232618	1
chr12	12050000	12075000	0.797331159014423	1
chr12	12055000	12080000	0.797627763354653	1
chr12	12050000	12085000	0.55851657331427	1
chr12	11840000	11865000	0.797083671717841	1
chr12	11715000	11920000	0.121469464484842	1
chr12	11730000	12165000	0.0853784715509166	1
chr12	11990000	12180000	0.120074207103408	1
chr12	12130000	12175000	0.420509892672256	1
chr12	11725000	12160000	0.0846220677727576	1
chr12	11725000	12165000	0.0837186801946235	1
chr12	11805000	11865000	0.308748211793192	1
chr12	11755000	11780000	0.795489516681574	1
chr12	11745000	11770000	0.794570254736811	1
chr12	12065000	12090000	0.794702858715871	1
chr12	11910000	11985000	0.250519210502555	1
chr12	11885000	11985000	0.199864433359757	1
chr12	11765000	11790000	0.793600854386656	1
chr12	12045000	12070000	0.7934861930461	1
chr12	11730000	11925000	0.118910358016615	1
chr12	12050000	12110000	0.307160369244916	1
chr12	11700000	12190000	0.0751144322194989	1
chr12	11805000	11930000	0.16306483501154	1
chr12	12060000	12105000	0.414417275473186	1
chr12	11720000	11880000	0.136321349087129	1
chr12	11935000	11980000	0.413769993617841	1
chr12	11915000	12185000	0.0965349543205515	1
chr12	11985000	12180000	0.116761505103937	1
chr12	11725000	11800000	0.245524682271723	1
chr12	11820000	11865000	0.411714361305587	1
chr12	11915000	12180000	0.0944500277400874	1
chr12	11800000	11875000	0.244850688972656	1
chr12	11900000	11975000	0.243848557468628	1
chr12	11890000	12175000	0.0917441133372724	1
chr12	11805000	11985000	0.119955347856928	1
chr12	11920000	11965000	0.408518408708801	1
chr12	11800000	11920000	0.163213497401964	1
chr12	11735000	11780000	0.407283886276551	1
chr12	11815000	11860000	0.406591470007324	1
chr12	11800000	12160000	0.0792455883244292	1
chr12	11805000	11850000	0.405344990203393	1
chr12	11745000	12195000	0.0733370680555757	1
chr12	11880000	12160000	0.0900094982994883	1
chr12	11725000	11910000	0.114942222910143	1
chr12	11975000	12185000	0.105140435719826	1
chr12	11800000	11895000	0.194962938615795	1
chr12	12035000	12130000	0.194942239733771	1
chr12	11990000	12175000	0.114758963701705	1
chr12	11910000	12180000	0.0902666833052312	1
chr12	12015000	12185000	0.122325224481382	1
chr12	11980000	12185000	0.106958473811928	1
chr12	11740000	11785000	0.401782065658432	1
chr12	11800000	12180000	0.0750410852066219	1
chr12	11730000	11900000	0.119939678341561	1
chr12	11745000	12185000	0.0697481394340258	1
chr12	11735000	12195000	0.0672676076082139	1
chr12	11705000	12185000	0.0665453106364253	1
chr12	11740000	12190000	0.0693500264885956	1
chr12	12035000	12090000	0.318074844924205	1
chr12	11725000	11915000	0.108358413361251	1
chr12	12045000	12155000	0.163438704417916	1
chr12	11700000	12180000	0.0639504807885416	1
chr12	11715000	11800000	0.202589744162094	1
chr12	11975000	12175000	0.103488219953007	1
chr12	11805000	11860000	0.31213877042877	1
chr12	11720000	11885000	0.116664234001301	1
chr12	11990000	12185000	0.104215102366903	1
chr12	11890000	11975000	0.200936481089767	1
chr12	11800000	11930000	0.138625966744865	1
chr12	11915000	11970000	0.309955686019626	1
chr12	11725000	12190000	0.0633737480706496	1
chr12	11880000	11935000	0.309011739907396	1
chr12	11720000	11930000	0.0963867303554181	1
chr12	11975000	12160000	0.105155139350125	1
chr12	11910000	11980000	0.241107051071623	1
chr12	11730000	11875000	0.126149635064121	1
chr12	11920000	12180000	0.0830156376040467	1
chr12	11740000	12185000	0.0633127433202041	1
chr12	11725000	11935000	0.093762054203216	1
chr12	11735000	12165000	0.0637795770830207	1
chr12	11810000	11880000	0.237381363871838	1
chr12	11905000	11990000	0.195379541540799	1
chr12	11805000	11960000	0.117746303704075	1
chr12	11965000	12175000	0.0934483555620315	1
chr12	11885000	12180000	0.0758581360923549	1
chr12	11800000	11885000	0.193899314722462	1
chr12	12005000	12180000	0.105487836353649	1
chr12	11970000	12175000	0.0941543902646588	1
chr12	11800000	12175000	0.0651687291765404	1
chr12	12000000	12175000	0.103994138989461	1
chr12	11985000	12130000	0.12023797965851	1
chr12	11930000	12180000	0.0809138051064882	1
chr12	11880000	12180000	0.0729852733771687	1
chr12	12030000	12130000	0.16389566149452	1
chr12	11990000	12130000	0.123112799576768	1
chr12	11890000	11970000	0.20070459846316	1
chr12	11720000	12170000	0.0578728619752018	1
chr12	11915000	12175000	0.0771290815495868	1
chr12	11995000	12170000	0.101313530410878	1
chr12	11980000	12170000	0.0948119566486161	1
chr12	11800000	12185000	0.0613927524366658	1
chr12	11720000	12165000	0.0562609671761607	1
chr12	11880000	12175000	0.0695859456764509	1
chr12	11720000	12135000	0.0585613337689119	1
chr12	11695000	12185000	0.0535429613649216	1
chr12	11805000	11900000	0.165901663698533	1
chr12	12050000	12145000	0.165695248425304	1
chr12	11745000	12200000	0.0554105978156214	1
chr12	11720000	11905000	0.0941308051644568	1
chr12	11915000	12160000	0.0763367009113761	1
chr12	11725000	11885000	0.104660103614957	1
chr12	11880000	12185000	0.0667440085415743	1
chr12	11890000	12180000	0.0683228570654295	1
chr12	11710000	12165000	0.0536840403061932	1
chr12	11930000	12160000	0.078715247303706	1
chr12	11730000	11910000	0.0939815273536411	1
chr12	11895000	11935000	0.414612580243769	1
chr12	11890000	11930000	0.414538779331748	1
chr12	12040000	12105000	0.238428525136593	1
chr12	11885000	11980000	0.162185456496241	1
chr12	11920000	12175000	0.0732448316357708	1
chr12	11740000	12195000	0.0531332723790515	1
chr12	11910000	12175000	0.0714858941195652	1
chr12	11710000	12175000	0.0523743209620429	1
chr12	11745000	11785000	0.413543955909264	1
chr12	11715000	11900000	0.0915292208773298	1
chr12	11735000	11785000	0.317150039338369	1
chr12	12030000	12160000	0.120666574431165	1
chr12	11735000	11775000	0.412067396650367	1
chr12	11700000	12195000	0.0505543061278854	1
chr12	12070000	12110000	0.411675584478365	1
chr12	11735000	12160000	0.0543607794594898	1
chr12	11940000	11980000	0.411477795872511	1
chr12	12075000	12115000	0.411458291788051	1
chr12	11910000	12185000	0.0688997274048783	1
chr12	11805000	11990000	0.0900500814115273	1
chr12	11895000	12180000	0.0671232683296152	1
chr12	12035000	12125000	0.168330452198305	1
chr12	12060000	12100000	0.410726433300655	1
chr12	11710000	11895000	0.0897044574569719	1
chr12	11875000	12185000	0.0628118309440136	1
chr12	11715000	11930000	0.0796872941655326	1
chr12	11925000	11965000	0.408675931525766	1
chr12	12065000	12105000	0.408639978947346	1
chr12	11920000	11970000	0.313107585021017	1
chr12	11910000	12160000	0.0711915495919576	1
chr12	11830000	11870000	0.407979473455107	1
chr12	11720000	11875000	0.101973251384225	1
chr12	11730000	11930000	0.0834917239564976	1
chr12	11815000	11865000	0.311610320182542	1
chr12	11800000	11890000	0.165347357900745	1
chr12	11745000	11795000	0.31155278611658	1
chr12	11820000	11860000	0.406627161086206	1
chr12	12130000	12170000	0.406416786076578	1
chr12	11730000	11885000	0.100675421562787	1
chr12	11800000	11905000	0.141398567844552	1
chr12	11875000	12175000	0.0620051022287722	1
chr12	12035000	12110000	0.197664715160297	1
chr12	11900000	12180000	0.0650460726512074	1
chr12	11895000	12175000	0.0650098469005574	1
chr12	11715000	11925000	0.0780028501075624	1
chr12	11740000	11780000	0.403899906925769	1
chr12	11740000	12180000	0.0501328320655931	1
chr12	11730000	11990000	0.067360817643905	1
chr12	11705000	12190000	0.0480642461523062	1
chr12	11710000	11800000	0.162654435414321	1
chr12	12065000	12115000	0.307268733204896	1
chr12	11905000	12165000	0.0665818892474889	1
chr12	12045000	12150000	0.1391632743055	1
chr12	12045000	12135000	0.161577581301669	1
chr12	11865000	11915000	0.306631617513663	1
chr12	11925000	11975000	0.306308236877422	1
chr12	11885000	12175000	0.0615562556991273	1
chr12	11985000	12155000	0.09013228318712	1
chr12	11715000	11905000	0.0817715638278563	1
chr12	12035000	12120000	0.168962107090138	1
chr12	11730000	11980000	0.0664032842643574	1
chr12	11875000	11925000	0.303388358201563	1
chr12	11805000	11905000	0.142816550770183	1
chr12	11915000	11975000	0.24531546895435	1
chr12	11715000	11875000	0.0932583195998124	1
chr12	12020000	12180000	0.0931845631900488	1
chr12	11990000	12165000	0.0865343889941206	1
chr12	11735000	12170000	0.0480961586216373	1
chr12	11735000	12205000	0.0456704966857597	1
chr12	11770000	12185000	0.049332811744191	1
chr12	11740000	11800000	0.24428677825994	1
chr12	11820000	11870000	0.301848280156779	1
chr12	11930000	11960000	0.576052201369539	1
chr12	12045000	12105000	0.243670692057397	1
chr12	11740000	12175000	0.0476220117087341	1
chr12	11710000	12160000	0.0462366763391449	1
chr12	11915000	12165000	0.0652736374954019	1
chr12	12085000	12115000	0.574839271056829	1
chr12	11720000	11900000	0.0833131825118779	1
chr12	12055000	12115000	0.242645815575046	1
chr12	11995000	12175000	0.0831072339792566	1
chr12	12040000	12100000	0.242512470379877	1
chr12	11900000	11985000	0.165823256718792	1
chr12	11980000	12160000	0.083011309612887	1
chr12	11800000	11900000	0.139755810645338	1
chr12	11880000	11910000	0.572761101527567	1
chr12	11810000	11870000	0.240926837112321	1
chr12	12120000	12180000	0.240843491642397	1
chr12	12000000	12185000	0.0796197622560919	1
chr12	12045000	12160000	0.1214344093489	1
chr12	11705000	11800000	0.145721365970689	1
chr12	11810000	11910000	0.138252252117784	1
chr12	12090000	12120000	0.570787010970432	1
chr12	12045000	12175000	0.107679297548512	1
chr12	12045000	12130000	0.163073974144663	1
chr12	11755000	12180000	0.0458839741333885	1
chr12	11735000	11935000	0.0745945550706871	1
chr12	11835000	11865000	0.56973395676513	1
chr12	11990000	12170000	0.0806716444860105	1
chr12	11885000	12160000	0.0589057641099827	1
chr12	11895000	12165000	0.0595037030673978	1
chr12	12045000	12115000	0.199806577131647	1
chr12	12040000	12155000	0.119368537032032	1
chr12	11990000	12160000	0.0840091355139467	1
chr12	12095000	12125000	0.568023985620251	1
chr12	11750000	11780000	0.567643830323531	1
chr12	11920000	12160000	0.0636548338419838	1
chr12	11895000	11925000	0.567359687778466	1
chr12	11810000	11890000	0.17170915953823	1
chr12	11710000	12170000	0.0428689066722433	1
chr12	11940000	11970000	0.566787828526707	1
chr12	12035000	12160000	0.109312716540372	1
chr12	11905000	11975000	0.198204751953052	1
chr12	11920000	11990000	0.197451660234622	1
chr12	12080000	12110000	0.565209007420448	1
chr12	12045000	12140000	0.141488897155783	1
chr12	12005000	12035000	0.564855936094765	1
chr12	11810000	11895000	0.159079517887513	1
chr12	12120000	12150000	0.564560260535643	1
chr12	11990000	12135000	0.0942910421455448	1
chr12	12075000	12105000	0.563859708128392	1
chr12	11890000	11920000	0.563790506131821	1
chr12	12045000	12075000	0.563495887798368	1
chr12	11930000	12175000	0.0608118636482164	1
chr12	11895000	12185000	0.0542082855571091	1
chr12	11880000	12165000	0.0547801057970798	1
chr12	11730000	11920000	0.0737332173310001	1
chr12	11885000	11965000	0.168511751655153	1
chr12	11925000	11955000	0.562626717444175	1
chr12	11705000	12175000	0.0407740020402642	1
chr12	11945000	11975000	0.562086047928196	1
chr12	11740000	12170000	0.0429483536434195	1
chr12	11805000	12165000	0.0463814532880926	1
chr12	11710000	11920000	0.0674707479569055	1
chr12	11970000	12185000	0.0662759646306628	1
chr12	11800000	11985000	0.0745279500974578	1
chr12	12060000	12130000	0.194168728022217	1
chr12	11800000	12165000	0.0457842128124855	1
chr12	11700000	11730000	0.560660941068558	1
chr12	11950000	11980000	0.55990878271158	1
chr12	12010000	12120000	0.118803232578559	1
chr12	11730000	11890000	0.0833039779806235	1
chr12	12040000	12150000	0.11835719328586	1
chr12	11885000	11990000	0.123779322923957	1
chr12	11885000	11975000	0.145109004303728	1
chr12	11885000	12185000	0.0505397612414516	1
chr12	11895000	12160000	0.0551277508036854	1
chr12	11875000	11985000	0.117695409259579	1
chr12	12035000	12115000	0.164570811677401	1
chr12	11800000	11940000	0.0933312245682335	1
chr12	11705000	12170000	0.0390249233349446	1
chr12	11755000	11785000	0.556198048408719	1
chr12	11760000	12195000	0.0406036184065859	1
chr12	11710000	11805000	0.135224549932042	1
chr12	12040000	12175000	0.0955779982004163	1
chr12	12015000	12155000	0.0922800026802073	1
chr12	11920000	12165000	0.0571643865234367	1
chr12	12040000	12070000	0.554944324204995	1
chr12	12010000	12175000	0.079053488620359	1
chr12	12035000	12155000	0.106600009935615	1
chr12	11920000	12185000	0.0537413309326925	1
chr12	11710000	12195000	0.0378446961303718	1
chr12	11900000	11990000	0.142492865136642	1
chr12	12035000	12100000	0.20530619041581	1
