chr12	92395000	92415000	0.998364153497661	1
chr12	92425000	92455000	0.798371178253215	1
chr12	92425000	92520000	0.245524682271723	1
chr12	92430000	92450000	0.99827872513732	1
chr12	92430000	92525000	0.240058787032828	1
chr12	92435000	92475000	0.55682657845846	1
chr12	92455000	92505000	0.40968403967203	1
chr12	92465000	92505000	0.5618973984761	1
chr12	92470000	92500000	0.801209201018395	1
chr12	92530000	92960000	0.138217305111118	1
chr12	92535000	92800000	0.121874256770808	1
chr12	92535000	92835000	0.140449439349909	1
chr12	92535000	92860000	0.137768571067214	1
chr12	92535000	92950000	0.103123086060192	1
chr12	92535000	92960000	0.128215944670132	1
chr12	92540000	92795000	0.14122189422934	1
chr12	92540000	92960000	0.202596764854444	1
chr12	92545000	92565000	0.998311968550238	1
chr12	92545000	92960000	0.104161252020668	1
chr12	92575000	92595000	0.99755761783125	1
chr12	92665000	92705000	0.564883402397263	1
chr12	92675000	92715000	0.56293195699558	1
chr12	92695000	92725000	0.79524275518032	1
chr12	92730000	92750000	0.997527490524233	1
chr12	92755000	92775000	0.998171919577444	1
chr12	92755000	92785000	0.799744555242807	1
chr12	92755000	92790000	0.800227191545072	1
chr12	92755000	92795000	0.801112689807622	1
chr12	92760000	92780000	0.998418253600308	1
chr12	92760000	92785000	0.997842704974395	1
chr12	92760000	92790000	0.997925086333926	1
chr12	92765000	92785000	0.998601036078431	1
chr12	92765000	92790000	0.998196318652586	1
chr12	92770000	92790000	0.998524298952033	1
chr12	92795000	92825000	0.795486234952969	1
chr12	92795000	92960000	0.161577581301669	1
chr12	92800000	92820000	0.998737865000052	1
chr12	92800000	92825000	0.998033856961408	1
chr12	92800000	92850000	0.409923271830409	1
chr12	92800000	92965000	0.163717224968347	1
chr12	92805000	92825000	0.998469268027589	1
chr12	92820000	92955000	0.197230695295009	1
chr12	92820000	92960000	0.239602395204743	1
chr12	92825000	92855000	0.798579243140545	1
chr12	92825000	92860000	0.799224070389148	1
chr12	92825000	92945000	0.194168728022217	1
chr12	92825000	92950000	0.242870698604019	1
chr12	92825000	92955000	0.402065272074571	1
chr12	92825000	92960000	0.30958282959756	1
chr12	92830000	92850000	0.998338809535193	1
chr12	92830000	92855000	0.998139982799451	1
chr12	92830000	92860000	0.79533809053578	1
chr12	92830000	92890000	0.40587668102876	1
chr12	92830000	92950000	0.406552257751746	1
chr12	92830000	92955000	0.241381731758343	1
chr12	92830000	92960000	0.199842224975856	1
chr12	92835000	92855000	0.999048357048785	1
chr12	92835000	92860000	0.998169641529027	1
chr12	92835000	92895000	0.415262637912501	1
chr12	92835000	92935000	0.307160369244916	1
chr12	92835000	92945000	0.314821816788672	1
chr12	92835000	92955000	0.317883274184891	1
chr12	92835000	92960000	0.301842455135551	1
chr12	92840000	92860000	0.998633935899724	1
chr12	92840000	92880000	0.55851657331427	1
chr12	92840000	92890000	0.411458291788051	1
chr12	92840000	92940000	0.243346950792549	1
chr12	92840000	92945000	0.2422222305939	1
chr12	92840000	92955000	0.309357096659224	1
chr12	92840000	92960000	0.242645815575046	1
chr12	92845000	92945000	0.23923095900996	1
chr12	92850000	92945000	0.243967527829485	1
chr12	92850000	92955000	0.305919874580646	1
chr12	92855000	92885000	0.799250503367681	1
chr12	92855000	92895000	0.560438478194774	1
chr12	92855000	92930000	0.311306979111197	1
chr12	92855000	92935000	0.318074844924205	1
chr12	92855000	92940000	0.310110248315634	1
chr12	92855000	92950000	0.56596179108796	1
chr12	92855000	92955000	0.406422262198701	1
chr12	92855000	92960000	0.565209007420448	1
chr12	92860000	92880000	0.99852742120551	1
chr12	92860000	92885000	0.9980395889885	1
chr12	92860000	92890000	0.99795319549942	1
chr12	92860000	92895000	0.80344166960381	1
chr12	92860000	92930000	0.574157245593916	1
chr12	92860000	92935000	0.560660941068558	1
chr12	92860000	92940000	0.415842805420026	1
chr12	92860000	92945000	0.575577945562408	1
chr12	92860000	92950000	0.796970659757791	1
chr12	92860000	92955000	0.570307668998174	1
chr12	92860000	92960000	0.57252738259632	1
chr12	92860000	92965000	0.239525181021858	1
chr12	92865000	92885000	0.99999999999983	1
chr12	92865000	92890000	0.998712462744689	1
chr12	92865000	92895000	0.998318147304262	1
chr12	92865000	92940000	0.407602460164797	1
chr12	92865000	92945000	0.308235677048282	1
chr12	92865000	92950000	0.56882944766449	1
chr12	92865000	92955000	0.307051186130779	1
chr12	92865000	92960000	0.408675931525766	1
chr12	92870000	92890000	0.998338875166511	1
chr12	92870000	92935000	0.321562728018547	1
chr12	92870000	92945000	0.309082464134236	1
chr12	92870000	92960000	0.311762844749448	1
chr12	92875000	92945000	0.407888016538409	1
chr12	92880000	92940000	0.401736919321769	1
chr12	92880000	92945000	0.566274198317679	1
chr12	92880000	92950000	0.409901962532653	1
chr12	92880000	92955000	0.307268733204896	1
chr12	92885000	92935000	0.562200786674241	1
chr12	92885000	92945000	0.570055464420404	1
chr12	92885000	92950000	0.410731331305225	1
chr12	92885000	92955000	0.562214648333849	1
chr12	92885000	92960000	0.564560260535643	1
chr12	92890000	92930000	0.797083671717841	1
chr12	92890000	92935000	0.567456516757297	1
chr12	92890000	92940000	0.572630432866606	1
chr12	92890000	92945000	0.796671293614879	1
chr12	92890000	92950000	0.795489516681574	1
chr12	92890000	92955000	0.568131507232622	1
chr12	92890000	92960000	0.560321576282728	1
chr12	92895000	92915000	0.99826540849339	1
chr12	92895000	92920000	0.998073890680245	1
chr12	92895000	92925000	0.998360986687803	1
chr12	92895000	92930000	0.998089351818738	1
chr12	92895000	92935000	0.802371450950569	1
chr12	92895000	92940000	0.80499729492486	1
chr12	92895000	92945000	0.803304481311732	1
chr12	92895000	92950000	0.998005746423071	1
chr12	92895000	92955000	0.799127973292106	1
chr12	92895000	92960000	0.801364205082177	1
chr12	92900000	92920000	0.99999999999983	1
chr12	92900000	92925000	0.99999999999983	1
chr12	92900000	92930000	0.998942574968055	1
chr12	92900000	92935000	0.79960828963541	1
chr12	92900000	92940000	0.799955997938083	1
chr12	92900000	92945000	0.796827350384263	1
chr12	92900000	92950000	0.798903337884659	1
chr12	92900000	92955000	0.567802686518376	1
chr12	92900000	92960000	0.561821993564413	1
chr12	92905000	92925000	0.99999999999983	1
chr12	92905000	92930000	0.998265390029491	1
chr12	92905000	92935000	0.800594829878361	1
chr12	92905000	92940000	0.801596353911959	1
chr12	92905000	92945000	0.568067129020961	1
chr12	92905000	92950000	0.565866275032555	1
chr12	92910000	92930000	0.998802696196487	1
chr12	92910000	92940000	0.800176358665426	1
chr12	92925000	92945000	0.998040974841874	1
chr12	92925000	92955000	0.7934861930461	1
chr12	92930000	92950000	0.997968388439773	1
chr12	92965000	93040000	0.315984749059551	1
chr12	92835000	92890000	0.40872959284892	1
chr12	92875000	92930000	0.410424387384449	1
chr12	92885000	92940000	0.409695150928356	1
chr12	92795000	92860000	0.307886638938575	1
chr12	92825000	92890000	0.31155278611658	1
chr12	92865000	92930000	0.308748211793192	1
chr12	92875000	92940000	0.312251054463436	1
chr12	92865000	92935000	0.30860745874059	1
chr12	92870000	92955000	0.241833569340799	1
chr12	92875000	92960000	0.246226339721404	1
chr12	92800000	92955000	0.162746060494593	1
chr12	92805000	92960000	0.171505137722103	1
chr12	92540000	92865000	0.12023797965851	1
chr12	92535000	92965000	0.104215102366903	1
chr12	92760000	92795000	0.573228533802235	1
chr12	92855000	92890000	0.571176367947615	1
chr12	92870000	92950000	0.246687066622318	1
chr12	92880000	92960000	0.246907342220363	1
chr12	92855000	92945000	0.244942430509922	1
chr12	92850000	92960000	0.201339693762772	1
chr12	92830000	92945000	0.204281962233074	1
chr12	92795000	92965000	0.142110742858302	1
chr12	92535000	92945000	0.0901271263462294	1
chr12	92840000	92950000	0.199864433359757	1
chr12	92845000	92955000	0.199806577131647	1
chr12	92825000	92940000	0.198492159098368	1
chr12	92835000	92950000	0.198006921250389	1
chr12	92815000	92960000	0.166792788740335	1
chr12	92535000	92855000	0.105341644883753	1
chr12	92540000	92860000	0.10449202944499	1
chr12	92820000	92950000	0.167335543265671	1
chr12	92535000	92795000	0.110292204807419	1
chr12	92430000	92455000	0.801890386478155	1
chr12	92825000	92850000	0.802817423326954	1
chr12	92700000	92735000	0.563546770219857	1
chr12	92660000	92685000	0.800371575662528	1
chr12	92540000	92575000	0.56264960950746	1
chr12	92690000	92725000	0.562086047928196	1
chr12	92845000	92925000	0.239366741562363	1
chr12	92425000	92530000	0.200874532866716	1
chr12	92460000	92485000	0.799501844460331	1
chr12	92710000	92735000	0.79926818112779	1
chr12	92755000	92780000	0.799355719030163	1
chr12	92795000	92820000	0.799869422682942	1
chr12	92870000	92895000	0.798766852678389	1
chr12	92930000	92955000	0.798866068731098	1
chr12	92530000	92795000	0.103278760887489	1
chr12	92540000	92805000	0.105038509664911	1
chr12	92445000	92470000	0.797998205330437	1
chr12	92485000	92510000	0.797782231417145	1
chr12	92920000	92945000	0.797698156924038	1
chr12	92910000	92945000	0.559546738231461	1
chr12	92395000	92420000	0.796529589535935	1
chr12	92440000	92465000	0.796706388816014	1
chr12	92615000	92640000	0.796622853432075	1
chr12	92540000	92565000	0.796175672908278	1
chr12	92540000	92800000	0.104961196907983	1
chr12	93010000	93035000	0.795232164221443	1
chr12	92535000	92940000	0.083413040350394	1
chr12	92540000	92790000	0.102536903531675	1
chr12	92800000	92960000	0.141095165795412	1
chr12	92910000	92935000	0.794980069771461	1
chr12	92390000	92415000	0.793600854386656	1
chr12	92540000	92970000	0.0794915968977302	1
chr12	92870000	92930000	0.306345195557762	1
chr12	92425000	92525000	0.197664715160297	1
chr12	92605000	92705000	0.197451660234622	1
chr12	92540000	92855000	0.0902666833052312	1
chr12	92565000	92960000	0.0814466966778074	1
chr12	92540000	92965000	0.0769071239856483	1
chr12	92875000	92950000	0.246248334021232	1
chr12	92800000	92950000	0.142492865136642	1
chr12	92755000	92800000	0.412175560562042	1
chr12	92540000	92830000	0.0945265014988184	1
chr12	92535000	92890000	0.0821595513573155	1
chr12	92835000	92930000	0.200750167188803	1
chr12	92535000	92825000	0.092318324030756	1
chr12	92810000	92960000	0.139800287279431	1
chr12	92885000	92930000	0.407283886276551	1
chr12	92840000	92935000	0.198316782013206	1
chr12	92465000	92510000	0.406411494886363	1
chr12	92835000	92880000	0.40686236688033	1
chr12	92850000	92895000	0.406416786076578	1
chr12	92680000	92725000	0.406122450121638	1
chr12	92910000	92955000	0.405800252753617	1
chr12	92540000	92955000	0.0750981273666072	1
chr12	92795000	92945000	0.137398223127618	1
chr12	92385000	92525000	0.141991036803262	1
chr12	92815000	92955000	0.141799187629777	1
chr12	92795000	92890000	0.196030362908483	1
chr12	92750000	92795000	0.403899906925769	1
chr12	92535000	92885000	0.079220146825488	1
chr12	92535000	92810000	0.09013228318712	1
chr12	92830000	92965000	0.142816550770183	1
chr12	92840000	92930000	0.199809789638158	1
chr12	92550000	92960000	0.0732448316357708	1
chr12	92805000	92950000	0.135475476186978	1
chr12	92525000	92955000	0.0717539270853841	1
chr12	92845000	92940000	0.189988828701432	1
chr12	92540000	92755000	0.101532672751607	1
chr12	92530000	92955000	0.070836541070104	1
chr12	92840000	92895000	0.317150039338369	1
chr12	92535000	92875000	0.0765849653945842	1
chr12	92825000	92895000	0.248678115381198	1
chr12	92790000	92960000	0.116664234001301	1
chr12	92755000	92960000	0.102624853974835	1
chr12	92535000	92955000	0.0693500264885956	1
chr12	92830000	92940000	0.163281284638083	1
chr12	92535000	92755000	0.0963867303554181	1
chr12	92835000	92940000	0.168511751655153	1
chr12	92795000	92955000	0.120958595692165	1
chr12	92435000	92520000	0.202417921079342	1
chr12	92555000	92795000	0.090488812440553	1
chr12	92870000	92940000	0.244443949792402	1
chr12	92825000	92930000	0.166256773190304	1
chr12	92810000	92965000	0.121896685727966	1
chr12	92795000	92950000	0.121877616494199	1
chr12	92535000	92865000	0.0756581134400113	1
chr12	92755000	92825000	0.242512470379877	1
chr12	92830000	92885000	0.308971118234463	1
chr12	92530000	92805000	0.0823272591763559	1
chr12	92580000	92755000	0.109312716540372	1
chr12	92530000	92860000	0.0741404198746055	1
chr12	92555000	92800000	0.0854748736673936	1
chr12	92880000	92935000	0.306648203647824	1
chr12	92560000	92750000	0.102152714120291	1
chr12	92540000	92930000	0.0671232683296152	1
chr12	92820000	92965000	0.12437270132372	1
chr12	92800000	92855000	0.304048066567687	1
chr12	92540000	92850000	0.074017934998737	1
chr12	92785000	92960000	0.106547549501051	1
chr12	92420000	92525000	0.160931744866427	1
chr12	92580000	92790000	0.0933312245682335	1
chr12	92580000	92960000	0.0656894188207321	1
chr12	92545000	92955000	0.0651687291765404	1
chr12	92530000	92965000	0.0626120733988097	1
chr12	92755000	92835000	0.20530619041581	1
chr12	92865000	92965000	0.167393500534933	1
chr12	92535000	92895000	0.0664506073768924	1
chr12	92530000	92855000	0.0707674929482711	1
chr12	92540000	92935000	0.0640017286110939	1
chr12	92860000	92925000	0.251791513408737	1
chr12	92545000	92950000	0.0628769102616423	1
chr12	92540000	92825000	0.0757647664657504	1
chr12	92555000	92850000	0.0737753412318683	1
chr12	92830000	92930000	0.164760108588672	1
chr12	92530000	92815000	0.0751434244407958	1
chr12	92550000	92795000	0.0812164070949163	1
chr12	92560000	92955000	0.0622681903381344	1
chr12	92545000	92965000	0.0608461311891421	1
chr12	92850000	92950000	0.163073974144663	1
chr12	92540000	92880000	0.0660324551276194	1
chr12	92565000	92800000	0.0826680614190004	1
chr12	92525000	92960000	0.059123517260101	1
chr12	92545000	92795000	0.079053488620359	1
chr12	92390000	92530000	0.119544267480806	1
chr12	92575000	92965000	0.0606086521670845	1
chr12	92530000	92800000	0.0742402350257561	1
chr12	92885000	92965000	0.196775850809391	1
chr12	92830000	92895000	0.242868424788914	1
chr12	92875000	92955000	0.195265001154025	1
chr12	92810000	92950000	0.11764831823644	1
chr12	92535000	92840000	0.0673065004765263	1
chr12	92540000	92890000	0.0623383225867355	1
chr12	92800000	92935000	0.120819572944062	1
chr12	92435000	92530000	0.164378476571083	1
chr12	92790000	92955000	0.100787722364202	1
chr12	92540000	92750000	0.0834917239564976	1
chr12	92535000	92830000	0.0665442740455759	1
chr12	92545000	92850000	0.064568163075546	1
chr12	92535000	92790000	0.0719955424679464	1
chr12	92460000	92500000	0.411552838706583	1
chr12	92810000	92850000	0.411446843731659	1
chr12	92805000	92955000	0.10692400084441	1
chr12	92550000	92790000	0.0742775585139268	1
chr12	92795000	92835000	0.410726433300655	1
chr12	92525000	92965000	0.0527682430994381	1
chr12	92910000	92950000	0.410084139771467	1
chr12	92425000	92535000	0.1391632743055	1
chr12	92540000	92810000	0.0690616389646893	1
chr12	92450000	92525000	0.201383271443808	1
chr12	92810000	92955000	0.108570835233425	1
chr12	92890000	92965000	0.201227330505769	1
chr12	92545000	92780000	0.074556031378473	1
chr12	92565000	92710000	0.108358413361251	1
chr12	92545000	92750000	0.0821924061210025	1
chr12	92820000	92860000	0.408639978947346	1
chr12	92455000	92495000	0.408518408708801	1
chr12	92475000	92515000	0.408378506513622	1
chr12	92535000	92930000	0.0548056532689492	1
chr12	92555000	92965000	0.0543006101521575	1
chr12	92815000	92965000	0.104777731060783	1
chr12	92515000	92970000	0.0505017140077558	1
chr12	92525000	92855000	0.0596684045674895	1
chr12	92855000	92965000	0.136748215469129	1
chr12	92540000	92950000	0.0538354440159773	1
chr12	92435000	92510000	0.199088449091714	1
chr12	92570000	92795000	0.0758581360923549	1
chr12	92550000	92865000	0.0610080278403798	1
chr12	92825000	92935000	0.136321349087129	1
chr12	92565000	92755000	0.0850144900459476	1
chr12	92470000	92510000	0.405606168417696	1
chr12	92550000	92860000	0.0609494042447185	1
chr12	92440000	92515000	0.197776330504661	1
chr12	92845000	92895000	0.309946973453461	1
chr12	92760000	92955000	0.0833131825118779	1
chr12	92425000	92515000	0.163438704417916	1
chr12	92880000	92930000	0.309090566690803	1
chr12	92530000	92890000	0.054868931407638	1
chr12	92805000	92855000	0.30902532601232	1
chr12	92565000	92820000	0.0682873905890403	1
chr12	92610000	92650000	0.403981348259232	1
chr12	92550000	92845000	0.0622091582805871	1
chr12	92550000	92825000	0.0652736374954019	1
chr12	92850000	92890000	0.403754797582448	1
chr12	92825000	92875000	0.308330029810507	1
chr12	92430000	92520000	0.16271263169892	1
chr12	92560000	92945000	0.0528226118299628	1
chr12	92875000	92925000	0.307425611257814	1
chr12	92845000	92950000	0.13947213350682	1
chr12	92520000	92965000	0.0490211963154951	1
chr12	92755000	92860000	0.139330598834247	1
chr12	92520000	92960000	0.0494093826412881	1
chr12	92840000	92965000	0.118405298237481	1
chr12	92530000	92950000	0.0504895436221236	1
chr12	92670000	92720000	0.306256321564856	1
chr12	92540000	92840000	0.0603067077620221	1
chr12	92565000	92795000	0.0717742438018416	1
chr12	92580000	92800000	0.0741461231191347	1
chr12	92795000	92855000	0.247409720939484	1
chr12	92575000	92795000	0.0739331464377094	1
chr12	92550000	92600000	0.30443440202802	1
chr12	92805000	92945000	0.10575162476612	1
chr12	92530000	92945000	0.050201076587431	1
chr12	92530000	92830000	0.0590801325554542	1
chr12	92640000	92700000	0.24531546895435	1
chr12	92745000	92960000	0.0739123681327352	1
chr12	92575000	92960000	0.0507698008896669	1
chr12	92550000	92950000	0.0504404924041118	1
chr12	92550000	92785000	0.0688997274048783	1
chr12	92535000	92850000	0.0566289094642451	1
chr12	92390000	92525000	0.107920537548836	1
chr12	92560000	92815000	0.0650098469005574	1
chr12	92545000	92790000	0.0664674479889649	1
chr12	92525000	92945000	0.0483769435255212	1
chr12	92745000	92965000	0.0714882708865081	1
chr12	92560000	92835000	0.061361748817075	1
chr12	92795000	92895000	0.140737680254674	1
chr12	92525000	92795000	0.0619341941685982	1
chr12	92825000	92885000	0.242407293689885	1
chr12	92815000	92970000	0.0939926585136717	1
chr12	92440000	92500000	0.242127161839033	1
chr12	92575000	92790000	0.0719006416841488	1
chr12	92845000	92930000	0.164440453764283	1
chr12	92530000	92885000	0.0506359301091816	1
chr12	92765000	92795000	0.571875900807651	1
chr12	92805000	92965000	0.0899810760212221	1
chr12	92540000	92870000	0.0531332723790515	1
chr12	92800000	92860000	0.240102880165182	1
chr12	92400000	92530000	0.107994229409257	1
chr12	92435000	92495000	0.239957178960624	1
chr12	92530000	92940000	0.047415967299745	1
chr12	92915000	92945000	0.570358100326838	1
chr12	92530000	92790000	0.0613976763651583	1
chr12	92880000	92965000	0.162805892211211	1
chr12	92430000	92460000	0.56973395676513	1
chr12	92550000	92755000	0.0729339647238801	1
chr12	92555000	92585000	0.569420527634376	1
chr12	92425000	92510000	0.162331497850554	1
chr12	92800000	92830000	0.568425524378592	1
chr12	92570000	92600000	0.568409789522697	1
chr12	92790000	92850000	0.237381363871838	1
chr12	92555000	92955000	0.0468204631029537	1
chr12	92845000	92960000	0.119243461148234	1
chr12	92535000	92820000	0.0569735924443546	1
chr12	92560000	92795000	0.0647945563784852	1
chr12	92475000	92505000	0.567643830323531	1
chr12	92440000	92470000	0.567473635716613	1
chr12	92545000	92810000	0.0593159946819297	1
chr12	92755000	92955000	0.0733370680555757	1
chr12	92885000	92915000	0.567326528841742	1
chr12	92540000	92570000	0.567085508468117	1
chr12	92665000	92695000	0.56650775168958	1
chr12	92835000	92965000	0.105155139350125	1
chr12	92535000	92805000	0.0582504412198184	1
chr12	92550000	92750000	0.072545271709024	1
chr12	92625000	92655000	0.565663152082601	1
chr12	92720000	92750000	0.565606420529043	1
chr12	92540000	92945000	0.0454988178894055	1
chr12	92590000	92745000	0.0891647653693956	1
chr12	92540000	92895000	0.0480094989949872	1
chr12	92565000	92815000	0.0605180362031146	1
chr12	92760000	92890000	0.103876452420095	1
chr12	92560000	92590000	0.563889054984906	1
chr12	92640000	92670000	0.563790506131821	1
