chr19	15785000	15885000	0.99999999999983	1
chr19	15785000	16040000	0.563759900884874	1
chr19	15835000	15915000	0.415539173248167	1
chr19	16140000	16290000	0.195265001154025	1
chr19	16145000	16290000	0.24531546895435	1
chr19	16145000	16295000	0.198318533147206	1
chr19	16145000	16300000	0.198492159098368	1
chr19	16150000	16280000	0.242870698604019	1
chr19	16150000	16285000	0.411315748056615	1
chr19	16150000	16290000	0.573365103191512	1
chr19	16150000	16295000	0.558576553439388	1
chr19	16150000	16300000	0.241497415056714	1
chr19	16150000	16305000	0.246907342220363	1
chr19	16155000	16285000	0.240799752468671	1
chr19	16155000	16290000	0.414886700921714	1
chr19	16155000	16295000	0.313128873582338	1
chr19	16155000	16300000	0.240045588607441	1
chr19	16160000	16280000	0.242669072320009	1
chr19	16160000	16285000	0.198204751953052	1
chr19	16160000	16290000	0.310524965143879	1
chr19	16160000	16295000	0.307568046096328	1
chr19	16165000	16290000	0.24851109444682	1
chr19	16165000	16295000	0.306345195557762	1
chr19	16170000	16285000	0.305568125893603	1
chr19	16170000	16290000	0.406411494886363	1
chr19	16170000	16295000	0.315777602093329	1
chr19	16175000	16280000	0.310829227251963	1
chr19	16175000	16285000	0.3164753547795	1
chr19	16175000	16290000	0.800176358665426	1
chr19	16175000	16295000	0.567456516757297	1
chr19	16175000	16300000	0.245751363536361	1
chr19	16175000	16305000	0.199672353482645	1
chr19	16180000	16220000	0.573444950091862	1
chr19	16180000	16285000	0.41339182952551	1
chr19	16180000	16290000	0.414417275473186	1
chr19	16180000	16295000	0.308190062653253	1
chr19	16180000	16300000	0.242762712236183	1
chr19	16185000	16215000	0.799127973292106	1
chr19	16185000	16220000	0.800607523715537	1
chr19	16185000	16225000	0.796175672908278	1
chr19	16185000	16250000	0.567190679046513	1
chr19	16185000	16255000	0.412660961620664	1
chr19	16185000	16280000	0.249747999301383	1
chr19	16185000	16285000	0.304230621026889	1
chr19	16185000	16290000	0.412957322328591	1
chr19	16185000	16295000	0.411486492683187	1
chr19	16190000	16210000	0.99999999999983	1
chr19	16190000	16215000	0.99999999999983	1
chr19	16190000	16220000	0.998338809535193	1
chr19	16190000	16250000	0.40396155551797	1
chr19	16190000	16255000	0.312805643080939	1
chr19	16190000	16260000	0.405272989716721	1
chr19	16190000	16290000	0.560321576282728	1
chr19	16195000	16215000	0.99999999999983	1
chr19	16195000	16220000	0.998386547610165	1
chr19	16195000	16225000	0.794832033652425	1
chr19	16195000	16285000	0.307968125682057	1
chr19	16195000	16290000	0.304098269426793	1
chr19	16195000	16295000	0.24123143718466	1
chr19	16200000	16220000	0.998589503039498	1
chr19	16205000	16285000	0.403975569735352	1
chr19	16215000	16255000	0.568289685685328	1
chr19	16215000	16265000	0.410084139771467	1
chr19	16215000	16280000	0.3157859666027	1
chr19	16215000	16285000	0.413861459685549	1
chr19	16215000	16290000	0.405344990203393	1
chr19	16220000	16240000	0.998126386960075	1
chr19	16220000	16250000	0.998449595794474	1
chr19	16220000	16255000	0.998317331905524	1
chr19	16220000	16260000	0.795700326884231	1
chr19	16220000	16265000	0.576676785534892	1
chr19	16220000	16270000	0.413543955909264	1
chr19	16220000	16280000	0.56596179108796	1
chr19	16220000	16285000	0.408546688490754	1
chr19	16220000	16290000	0.560660941068558	1
chr19	16220000	16295000	0.417909459154933	1
chr19	16225000	16245000	0.99999999999983	1
chr19	16225000	16250000	0.99999999999983	1
chr19	16225000	16255000	0.99999999999983	1
chr19	16225000	16260000	0.804492344724297	1
chr19	16225000	16265000	0.800389797929316	1
chr19	16225000	16270000	0.566513399226129	1
chr19	16225000	16275000	0.409238707521134	1
chr19	16225000	16280000	0.562410682776356	1
chr19	16225000	16285000	0.800154364968364	1
chr19	16225000	16290000	0.574157245593916	1
chr19	16225000	16295000	0.407222915038697	1
chr19	16230000	16250000	0.99999999999983	1
chr19	16230000	16255000	0.99866157351376	1
chr19	16230000	16260000	0.997925086333926	1
chr19	16230000	16265000	0.80344166960381	1
chr19	16230000	16270000	0.566958234216017	1
chr19	16230000	16275000	0.558908828578333	1
chr19	16230000	16280000	0.410612010476943	1
chr19	16230000	16285000	0.561052622418176	1
chr19	16230000	16290000	0.409224611023111	1
chr19	16235000	16255000	0.998543226213576	1
chr19	16235000	16265000	0.797094364510579	1
chr19	16235000	16270000	0.798509282072443	1
chr19	16235000	16285000	0.414530825390177	1
chr19	16240000	16260000	0.998461782724474	1
chr19	16240000	16280000	0.565210476307848	1
chr19	16245000	16265000	0.998311968550238	1
chr19	16245000	16285000	0.798151360151455	1
chr19	16250000	16280000	0.797998205330437	1
chr19	16250000	16285000	0.800351908152377	1
chr19	16250000	16290000	0.569417610046576	1
chr19	16255000	16275000	0.99860998750556	1
chr19	16255000	16280000	0.997918523952116	1
chr19	16255000	16285000	0.998338237169652	1
chr19	16260000	16280000	0.998656026344596	1
chr19	16260000	16285000	0.998749709584604	1
chr19	16260000	16290000	0.997698111854611	1
chr19	16265000	16285000	0.99999999999983	1
chr19	16270000	16290000	0.997072197851451	1
chr19	16330000	16490000	0.169060549614523	1
chr19	16335000	16495000	0.167469607576135	1
chr19	16335000	16505000	0.163213497401964	1
chr19	16340000	16490000	0.248715541521855	1
chr19	16340000	16495000	0.241322173062675	1
chr19	16340000	16500000	0.200418270002307	1
chr19	16340000	16505000	0.24477262446237	1
chr19	16340000	16520000	0.167393500534933	1
chr19	16340000	16525000	0.188895595729808	1
chr19	16340000	16530000	0.194642522871114	1
chr19	16345000	16490000	0.418466525833599	1
chr19	16345000	16495000	0.415262637912501	1
chr19	16345000	16500000	0.412098534634588	1
chr19	16345000	16505000	0.242645815575046	1
chr19	16345000	16510000	0.194494677138037	1
chr19	16345000	16515000	0.241982210991085	1
chr19	16345000	16520000	0.245840370734976	1
chr19	16345000	16525000	0.19773056408942	1
chr19	16345000	16530000	0.166005676693393	1
chr19	16350000	16475000	0.197230695295009	1
chr19	16350000	16480000	0.247915790101251	1
chr19	16350000	16485000	0.317123115263735	1
chr19	16350000	16490000	0.570220399656044	1
chr19	16350000	16495000	0.795160375415055	1
chr19	16350000	16500000	0.567591972277891	1
chr19	16350000	16505000	0.408080455307824	1
chr19	16350000	16510000	0.312272799588051	1
chr19	16350000	16515000	0.317582640516715	1
chr19	16350000	16520000	0.201996361408107	1
chr19	16350000	16525000	0.316535548974014	1
chr19	16350000	16530000	0.247681993493935	1
chr19	16350000	16535000	0.195429519048323	1
chr19	16355000	16430000	0.307443134990974	1
chr19	16355000	16435000	0.413769993617841	1
chr19	16355000	16445000	0.307546244594106	1
chr19	16355000	16450000	0.242723278967429	1
chr19	16355000	16475000	0.30953021820625	1
chr19	16355000	16480000	0.569243688477365	1
chr19	16355000	16485000	0.796706388816014	1
chr19	16355000	16490000	0.998687101706442	1
chr19	16355000	16495000	0.998524298952033	1
chr19	16355000	16500000	0.802817423326954	1
chr19	16355000	16505000	0.793600854386656	1
chr19	16355000	16510000	0.313251208294917	1
chr19	16355000	16515000	0.411402141454145	1
chr19	16355000	16520000	0.563260766097156	1
chr19	16355000	16525000	0.565109795540571	1
chr19	16355000	16530000	0.411552838706583	1
chr19	16355000	16535000	0.308640631388916	1
chr19	16360000	16435000	0.562801146082429	1
chr19	16360000	16445000	0.309011739907396	1
chr19	16360000	16470000	0.311617765101094	1
chr19	16360000	16475000	0.412467176219199	1
chr19	16360000	16480000	0.566844326272573	1
chr19	16360000	16485000	0.7934861930461	1
chr19	16360000	16490000	0.998492427843995	1
chr19	16360000	16495000	0.998443768441492	1
chr19	16360000	16500000	0.807930202853272	1
chr19	16360000	16505000	0.569502747859083	1
chr19	16360000	16510000	0.244724009519996	1
chr19	16360000	16520000	0.307886638938575	1
chr19	16360000	16525000	0.309036065082815	1
chr19	16360000	16530000	0.310767474707611	1
chr19	16365000	16415000	0.403899906925769	1
chr19	16365000	16430000	0.407979473455107	1
chr19	16365000	16435000	0.415842805420026	1
chr19	16365000	16440000	0.411458291788051	1
chr19	16365000	16445000	0.412067396650367	1
chr19	16365000	16450000	0.400205390710446	1
chr19	16365000	16455000	0.312026007022374	1
chr19	16365000	16460000	0.245766927107989	1
chr19	16365000	16470000	0.31155278611658	1
chr19	16365000	16475000	0.56036423570498	1
chr19	16365000	16480000	0.795589375184266	1
chr19	16365000	16485000	0.568355635077428	1
chr19	16365000	16490000	0.792921899984818	1
chr19	16365000	16495000	0.567473635716613	1
chr19	16365000	16500000	0.41212838997402	1
chr19	16365000	16505000	0.313403838865238	1
chr19	16365000	16520000	0.194242856633498	1
chr19	16365000	16525000	0.196030362908483	1
chr19	16370000	16390000	0.998171718427082	1
chr19	16370000	16400000	0.801194391855083	1
chr19	16370000	16410000	0.560542787257716	1
chr19	16370000	16420000	0.565398460622114	1
chr19	16370000	16430000	0.414781806117937	1
chr19	16370000	16435000	0.412727790772631	1
chr19	16370000	16445000	0.408884022092563	1
chr19	16370000	16455000	0.402065272074571	1
chr19	16370000	16470000	0.311762844749448	1
chr19	16370000	16475000	0.407888016538409	1
chr19	16370000	16480000	0.560422531800793	1
chr19	16370000	16485000	0.309849636155218	1
chr19	16370000	16490000	0.405800252753617	1
chr19	16370000	16495000	0.311793225263826	1
chr19	16370000	16500000	0.199088449091714	1
chr19	16370000	16505000	0.240321169168432	1
chr19	16375000	16395000	0.998265390029491	1
chr19	16375000	16405000	0.800527145183251	1
chr19	16375000	16420000	0.567563346697941	1
chr19	16375000	16425000	0.559546738231461	1
chr19	16375000	16465000	0.306451477741948	1
chr19	16375000	16480000	0.252066115042209	1
chr19	16375000	16485000	0.407283886276551	1
chr19	16375000	16495000	0.246687066622318	1
chr19	16380000	16400000	0.998503076681963	1
chr19	16380000	16420000	0.795785766239195	1
chr19	16380000	16425000	0.570646820936284	1
chr19	16380000	16430000	0.409746728486007	1
chr19	16380000	16495000	0.23927331412629	1
chr19	16385000	16405000	0.998196318652586	1
chr19	16385000	16415000	0.796021788550226	1
chr19	16385000	16425000	0.565444708255881	1
chr19	16385000	16430000	0.561882055643407	1
chr19	16385000	16490000	0.30577163916045	1
chr19	16390000	16420000	0.80062117357342	1
chr19	16390000	16430000	0.56882944766449	1
chr19	16395000	16415000	0.997929350015282	1
chr19	16395000	16425000	0.801688508998173	1
chr19	16395000	16430000	0.794980069771461	1
chr19	16400000	16420000	0.99999999999983	1
chr19	16400000	16425000	0.998245098069789	1
chr19	16400000	16430000	0.805502626487309	1
chr19	16400000	16490000	0.307484599056764	1
chr19	16405000	16425000	0.998462487522349	1
chr19	16425000	16485000	0.5618973984761	1
chr19	16430000	16475000	0.57176810599069	1
chr19	16430000	16480000	0.41390533306907	1
chr19	16435000	16465000	0.798563488453189	1
chr19	16435000	16470000	0.799232768041022	1
chr19	16435000	16475000	0.998354178914718	1
chr19	16435000	16480000	0.800604812063274	1
chr19	16435000	16485000	0.563546770219857	1
chr19	16435000	16490000	0.569471637925564	1
chr19	16435000	16495000	0.407267539200593	1
chr19	16440000	16460000	0.998106195788791	1
chr19	16440000	16465000	0.998139982799451	1
chr19	16440000	16470000	0.998135917201992	1
chr19	16440000	16475000	0.9980395889885	1
chr19	16440000	16480000	0.802643244763989	1
chr19	16440000	16485000	0.796356539113133	1
chr19	16440000	16490000	0.798418781327108	1
chr19	16445000	16470000	0.99819075944483	1
chr19	16445000	16475000	0.998797201061303	1
chr19	16445000	16480000	0.998005746423071	1
chr19	16445000	16485000	0.567643830323531	1
chr19	16445000	16490000	0.794447941885249	1
chr19	16450000	16470000	0.99999999999983	1
chr19	16450000	16475000	0.99999999999983	1
chr19	16450000	16480000	0.998832872298099	1
chr19	16450000	16485000	0.802365358128493	1
chr19	16450000	16490000	0.567359687778466	1
chr19	16455000	16475000	0.99999999999983	1
chr19	16455000	16480000	0.998525847116282	1
chr19	16455000	16485000	0.800043464092543	1
chr19	16455000	16490000	0.796458951273235	1
chr19	16460000	16480000	0.998347728893153	1
chr19	16500000	16520000	0.998473822055653	1
chr19	16505000	16525000	0.997907928596911	1
chr19	16510000	16530000	0.998249033339325	1
chr19	16515000	16535000	0.997922417014531	1
chr19	16530000	16550000	0.998212992950403	1
chr19	16555000	16575000	0.998275033031325	1
chr19	16555000	16580000	0.998008801875185	1
chr19	16560000	16580000	0.99999999999983	1
chr19	16560000	16590000	0.796406689472076	1
chr19	16565000	16585000	0.998079165337059	1
chr19	16570000	16600000	0.796529589535935	1
chr19	16575000	16595000	0.997890048221014	1
chr19	16580000	16600000	0.998134467708712	1
chr19	16585000	16605000	0.998564069789374	1
chr19	16585000	16630000	0.564882656095728	1
chr19	16595000	16615000	0.997766403630964	1
chr19	16605000	16625000	0.998571080673063	1
chr19	16610000	16630000	0.998589432515569	1
chr19	16610000	16640000	0.799945270599387	1
chr19	16610000	16645000	0.796622853432075	1
chr19	16610000	16650000	0.560643040252364	1
chr19	16615000	16635000	0.998500889658045	1
chr19	16615000	16640000	0.998699045673011	1
chr19	16615000	16645000	0.799733336809504	1
chr19	16620000	16640000	0.997968388439773	1
chr19	16630000	16650000	0.998245263369484	1
chr19	16650000	16675000	0.998234034727511	1
chr19	16650000	16680000	0.799355719030163	1
chr19	16650000	16690000	0.564883402397263	1
chr19	16650000	16695000	0.565640717639747	1
chr19	16650000	16700000	0.408002037069541	1
chr19	16650000	16735000	0.308971118234463	1
chr19	16655000	16675000	0.998733015027581	1
chr19	16655000	16680000	0.998522186289806	1
chr19	16655000	16685000	0.998037563408178	1
chr19	16655000	16690000	0.795748587808867	1
chr19	16655000	16695000	0.567751736915153	1
chr19	16655000	16700000	0.56404108914116	1
chr19	16660000	16680000	0.99999999999983	1
chr19	16660000	16690000	0.800227191545072	1
chr19	16665000	16685000	0.99826540849339	1
chr19	16670000	16690000	0.998284465168612	1
chr19	16675000	16735000	0.405796113377935	1
chr19	16680000	16730000	0.563889054984906	1
chr19	16680000	16735000	0.568168489644971	1
chr19	16685000	16715000	0.79736498226494	1
chr19	16685000	16725000	0.797331159014423	1
chr19	16685000	16735000	0.408144743704205	1
chr19	16690000	16720000	0.794570254736811	1
chr19	16690000	16730000	0.572272051785449	1
chr19	16690000	16735000	0.797646158072765	1
chr19	16695000	16715000	0.998099093783664	1
chr19	16695000	16720000	0.998253435090251	1
chr19	16695000	16725000	0.790595155642834	1
chr19	16695000	16730000	0.801480099930608	1
chr19	16695000	16735000	0.99827872513732	1
chr19	16695000	16740000	0.572761101527567	1
chr19	16700000	16720000	0.99999999999983	1
chr19	16700000	16725000	0.999025451455899	1
chr19	16700000	16730000	0.80282396174954	1
chr19	16700000	16735000	0.998517147499314	1
chr19	16700000	16740000	0.562214648333849	1
chr19	16705000	16725000	0.99999999999983	1
chr19	16705000	16730000	0.99999999999983	1
chr19	16705000	16735000	0.998707010384887	1
chr19	16710000	16730000	0.998888109951448	1
chr19	16710000	16735000	0.99999999999983	1
chr19	16715000	16735000	0.998575650049494	1
chr19	16730000	16760000	0.798035087998548	1
chr19	16740000	16760000	0.999450132387654	1
chr19	16740000	16765000	0.998388711070759	1
chr19	16740000	16770000	0.800528815544018	1
chr19	16745000	16765000	0.998995698988516	1
chr19	16180000	16215000	0.573689439090579	1
chr19	16210000	16265000	0.409219471931408	1
chr19	16365000	16420000	0.405315643762562	1
chr19	16370000	16425000	0.412030491599856	1
chr19	16375000	16430000	0.413678637121642	1
chr19	16430000	16485000	0.40968403967203	1
chr19	16195000	16260000	0.309924622352193	1
chr19	16210000	16275000	0.306030953379063	1
chr19	16360000	16425000	0.307051186130779	1
chr19	16380000	16445000	0.299780840029298	1
chr19	16360000	16430000	0.308029259369546	1
chr19	16370000	16440000	0.317134115037881	1
chr19	16420000	16490000	0.30443440202802	1
chr19	16425000	16495000	0.312601795042087	1
chr19	16370000	16450000	0.248678115381198	1
chr19	16200000	16285000	0.2422222305939	1
chr19	16350000	16435000	0.245652146557927	1
chr19	16360000	16450000	0.24716320644485	1
chr19	16160000	16300000	0.169829077038182	1
chr19	16365000	16515000	0.170059293395311	1
chr19	16360000	16515000	0.17093382314341	1
chr19	16335000	16500000	0.145721365970689	1
chr19	16190000	16225000	0.57191757854427	1
chr19	16240000	16275000	0.572811893113974	1
chr19	16255000	16290000	0.570307668998174	1
chr19	16690000	16725000	0.571875900807651	1
chr19	16355000	16470000	0.203295150323954	1
chr19	16340000	16515000	0.142734189468965	1
chr19	16170000	16280000	0.200326311721837	1
chr19	16375000	16410000	0.567891635208514	1
chr19	16390000	16425000	0.568067129020961	1
chr19	16585000	16620000	0.568425524378592	1
chr19	16645000	16730000	0.237085806037204	1
chr19	16165000	16280000	0.19780882651467	1
chr19	16375000	16490000	0.199864433359757	1
chr19	16365000	16510000	0.166050076427693	1
chr19	16330000	16500000	0.137844548925465	1
chr19	16265000	16290000	0.805631084391691	1
chr19	16370000	16395000	0.805256218342277	1
chr19	16380000	16405000	0.805368873935419	1
chr19	16620000	16645000	0.805855250803162	1
chr19	16370000	16405000	0.566038668592179	1
chr19	16580000	16615000	0.565659763226354	1
chr19	16615000	16650000	0.565663152082601	1
chr19	16650000	16685000	0.567326528841742	1
chr19	16660000	16685000	0.804405359934773	1
chr19	16210000	16290000	0.243676352938815	1
chr19	16345000	16480000	0.166303500919434	1
chr19	16145000	16285000	0.162654435414321	1
chr19	16185000	16210000	0.801841750678982	1
chr19	16200000	16225000	0.80141625218474	1
chr19	16220000	16245000	0.802863131731729	1
chr19	16375000	16400000	0.801352272529406	1
chr19	16385000	16410000	0.801614017339423	1
chr19	16395000	16420000	0.801652998355845	1
chr19	16435000	16460000	0.802334982894477	1
chr19	16580000	16605000	0.801596353911959	1
chr19	16585000	16610000	0.801712985770928	1
chr19	16605000	16630000	0.801112689807622	1
chr19	16610000	16635000	0.80332487271517	1
chr19	16665000	16690000	0.802954697519727	1
chr19	16400000	16435000	0.564560260535643	1
chr19	16640000	16675000	0.565273338106199	1
chr19	16680000	16715000	0.565209007420448	1
chr19	16200000	16280000	0.242360426517373	1
chr19	16645000	16725000	0.242512470379877	1
chr19	16655000	16735000	0.239987040842205	1
chr19	16560000	16585000	0.800510259386783	1
chr19	16565000	16590000	0.800394997790176	1
chr19	16165000	16300000	0.161889279636036	1
chr19	16365000	16530000	0.139420672912072	1
chr19	16590000	16615000	0.80020740525447	1
chr19	16640000	16665000	0.800022375660814	1
chr19	16190000	16295000	0.198006921250389	1
chr19	16380000	16490000	0.194728984033945	1
chr19	16235000	16260000	0.799009323697743	1
chr19	16250000	16275000	0.798371578792862	1
chr19	16390000	16415000	0.798903337884659	1
chr19	16405000	16430000	0.799253660748957	1
chr19	16500000	16525000	0.799224070389148	1
chr19	16575000	16600000	0.799453069251224	1
chr19	16680000	16705000	0.799744555242807	1
chr19	16745000	16770000	0.799772799513667	1
chr19	16590000	16625000	0.56118337540566	1
chr19	16360000	16465000	0.196919335701877	1
chr19	16335000	16490000	0.146987041101639	1
chr19	16170000	16300000	0.16276695566984	1
chr19	16375000	16505000	0.162746060494593	1
chr19	16410000	16435000	0.797466934761064	1
chr19	16245000	16280000	0.55851657331427	1
chr19	16645000	16680000	0.560226711799672	1
chr19	16200000	16260000	0.314294843158733	1
chr19	16365000	16390000	0.796827350384263	1
chr19	16595000	16620000	0.797083671717841	1
chr19	16215000	16250000	0.555485003178442	1
chr19	16595000	16630000	0.554944324204995	1
chr19	16670000	16730000	0.312032293986931	1
chr19	16335000	16525000	0.119576085809049	1
chr19	16375000	16435000	0.311268468038835	1
chr19	16325000	16520000	0.122138020358059	1
chr19	16365000	16425000	0.310055339196177	1
chr19	16185000	16245000	0.309384012772282	1
chr19	16440000	16500000	0.309082681395518	1
chr19	16335000	16530000	0.120948141286413	1
chr19	16505000	16530000	0.795486234952969	1
chr19	16525000	16550000	0.79524275518032	1
chr19	16145000	16305000	0.140893680031632	1
chr19	16315000	16510000	0.120201073215963	1
chr19	16240000	16265000	0.794702858715871	1
chr19	16375000	16475000	0.200239931097626	1
chr19	16355000	16545000	0.118518292082833	1
chr19	16215000	16275000	0.307439961131276	1
chr19	16430000	16490000	0.307268733204896	1
chr19	16340000	16535000	0.118719106456256	1
chr19	16155000	16305000	0.144290208516463	1
chr19	15770000	15985000	0.112677331852976	1
chr19	16180000	16280000	0.198975618096575	1
chr19	16385000	16485000	0.199065103604273	1
chr19	16370000	16415000	0.414880927926877	1
chr19	16165000	16285000	0.168511751655153	1
chr19	16240000	16285000	0.414203216275577	1
chr19	16190000	16265000	0.248005480673873	1
chr19	16380000	16480000	0.195933454993768	1
chr19	16370000	16520000	0.14240732660968	1
chr19	16375000	16450000	0.245576492737175	1
chr19	16215000	16260000	0.411446843731659	1
chr19	16560000	16605000	0.411612553593203	1
chr19	16595000	16640000	0.411714361305587	1
chr19	16350000	16425000	0.245002541887266	1
chr19	16680000	16725000	0.41068799216557	1
chr19	16685000	16730000	0.410961496995605	1
chr19	16185000	16260000	0.244398542880559	1
chr19	16245000	16290000	0.410381594998507	1
chr19	16335000	16515000	0.120776442206089	1
chr19	16190000	16285000	0.200170934860935	1
chr19	16365000	16410000	0.409621792950771	1
chr19	16330000	16495000	0.128215944670132	1
chr19	16375000	16500000	0.15882065410911	1
chr19	16660000	16735000	0.242497335008183	1
chr19	16380000	16500000	0.163932341037229	1
chr19	16645000	16690000	0.408649354426019	1
chr19	16180000	16255000	0.241107051071623	1
chr19	16210000	16285000	0.241354829397402	1
chr19	16600000	16645000	0.406422262198701	1
chr19	16180000	16225000	0.406122450121638	1
chr19	16335000	16520000	0.116573283710488	1
chr19	16555000	16600000	0.405641924253162	1
chr19	16355000	16465000	0.171522187993566	1
chr19	16185000	16275000	0.203583882607028	1
chr19	16180000	16275000	0.195420130917067	1
chr19	16370000	16465000	0.194773512609386	1
chr19	16395000	16490000	0.195005106245112	1
chr19	16320000	16530000	0.104961196907983	1
chr19	16185000	16300000	0.165686576069331	1
chr19	16185000	16230000	0.401736919321769	1
chr19	16140000	16305000	0.122512999701348	1
chr19	16150000	16315000	0.122280670171018	1
chr19	16350000	16440000	0.199809789638158	1
chr19	16390000	16480000	0.19930453087126	1
chr19	16135000	16295000	0.125244629604045	1
chr19	16345000	16485000	0.138977169888037	1
chr19	16385000	16475000	0.197895149739523	1
chr19	16150000	16310000	0.123886930885261	1
chr19	16360000	16535000	0.116509611334411	1
chr19	16190000	16280000	0.196775850809391	1
chr19	16440000	16495000	0.317662096392889	1
chr19	16145000	16280000	0.139755810645338	1
chr19	16180000	16265000	0.205139136569051	1
chr19	16330000	16505000	0.114942222910143	1
chr19	16345000	16540000	0.10629678519417	1
chr19	16640000	16750000	0.164019997525555	1
chr19	16390000	16500000	0.163883455331381	1
chr19	16320000	16490000	0.116281165162947	1
chr19	16425000	16480000	0.31440149776727	1
chr19	16380000	16485000	0.169115482600581	1
chr19	16330000	16520000	0.106958473811928	1
chr19	16330000	16525000	0.104754770583816	1
chr19	16200000	16270000	0.24389481357308	1
chr19	16170000	16275000	0.166267976861708	1
chr19	16330000	16510000	0.108440324321299	1
chr19	16400000	16485000	0.200543658741394	1
chr19	16355000	16440000	0.200453569373293	1
chr19	16235000	16290000	0.310640561011563	1
chr19	16650000	16720000	0.243241903012901	1
chr19	16140000	16295000	0.121503217073406	1
chr19	16380000	16435000	0.30958282959756	1
chr19	16325000	16515000	0.103738859241905	1
chr19	16370000	16525000	0.120315411001118	1
chr19	16165000	16275000	0.158081327258989	1
chr19	16195000	16265000	0.239767904106856	1
chr19	16330000	16515000	0.103988656807028	1
chr19	16685000	16740000	0.306287239263363	1
chr19	16670000	16725000	0.306256321564856	1
chr19	16355000	16425000	0.238195421242266	1
chr19	16320000	16510000	0.101075940835292	1
chr19	16335000	16510000	0.107331613903984	1
chr19	16640000	16725000	0.195693319120255	1
chr19	16380000	16505000	0.139747904671824	1
chr19	16385000	16470000	0.195567153922657	1
chr19	16355000	16455000	0.168172099604363	1
chr19	16350000	16470000	0.14312347959116	1
chr19	16420000	16485000	0.252928094699815	1
chr19	16160000	16305000	0.121874256770808	1
chr19	16375000	16525000	0.119284572505598	1
chr19	16205000	16290000	0.193282973924787	1
chr19	16365000	16465000	0.165803032122295	1
chr19	16205000	16260000	0.300368987080271	1
chr19	16660000	16725000	0.250519210502555	1
chr19	16395000	16480000	0.191268038046154	1
chr19	16170000	16310000	0.124291972838811	1
chr19	16165000	16265000	0.164676703331249	1
chr19	16335000	16485000	0.11725352934276	1
chr19	16345000	16535000	0.0970751568452643	1
chr19	16655000	16770000	0.145511719473497	1
chr19	16325000	16495000	0.105955441762592	1
chr19	16685000	16765000	0.200661007470874	1
chr19	16310000	16510000	0.0925511964606623	1
chr19	16200000	16295000	0.169977147016603	1
chr19	16375000	16440000	0.247179613692576	1
chr19	16360000	16440000	0.199842224975856	1
chr19	16165000	16305000	0.121690679568664	1
chr19	16215000	16295000	0.199363197556461	1
chr19	16665000	16730000	0.246168261516774	1
chr19	16185000	16265000	0.199183245043646	1
chr19	16370000	16510000	0.120666574431165	1
chr19	16230000	16295000	0.244850688972656	1
chr19	15740000	16295000	0.0525433235343752	1
chr19	16375000	16470000	0.167618560894733	1
chr19	16380000	16520000	0.119243461148234	1
chr19	16140000	16300000	0.106600009935615	1
chr19	16355000	16420000	0.243659667304991	1
chr19	16555000	16695000	0.119040191246653	1
chr19	16635000	16730000	0.166356420906771	1
chr19	16350000	16540000	0.0927155784456571	1
chr19	16220000	16300000	0.195231722423412	1
chr19	16355000	16540000	0.0939168604841055	1
chr19	16190000	16300000	0.144104498399666	1
chr19	16340000	16545000	0.0867397777482613	1
chr19	16675000	16725000	0.321808008186259	1
chr19	16435000	16500000	0.240372178914229	1
chr19	16325000	16505000	0.0950469291710296	1
chr19	16135000	16290000	0.107030887184237	1
chr19	16410000	16475000	0.240102880165182	1
chr19	16385000	16480000	0.163624721541241	1
chr19	16320000	16495000	0.0969798517471728	1
chr19	16375000	16510000	0.120063067693152	1
chr19	16200000	16265000	0.239602395204743	1
chr19	16640000	16680000	0.415144667019449	1
chr19	16385000	16495000	0.142256512744288	1
chr19	16325000	16500000	0.0963867303554181	1
chr19	16320000	16525000	0.0847681281971005	1
chr19	16680000	16720000	0.412676124546465	1
chr19	16430000	16495000	0.236856348505179	1
chr19	16315000	16495000	0.0925893241875354	1
chr19	16170000	16305000	0.11762476407334	1
chr19	16430000	16470000	0.411861039348297	1
chr19	16375000	16415000	0.411737173455805	1
chr19	16310000	16495000	0.0902666833052312	1
chr19	16690000	16740000	0.315984749059551	1
chr19	16340000	16485000	0.109812678068458	1
chr19	15735000	16295000	0.048553078440746	1
chr19	16335000	16535000	0.0850144900459476	1
chr19	16395000	16435000	0.410121159415161	1
chr19	16340000	16510000	0.0958901747951063	1
chr19	16390000	16485000	0.158884076319329	1
chr19	16600000	16650000	0.31411838017212	1
chr19	16370000	16460000	0.167349398446807	1
chr19	16660000	16700000	0.40924782663954	1
chr19	16160000	16315000	0.102378578704461	1
chr19	16560000	16600000	0.408586316815945	1
chr19	16210000	16250000	0.408518408708801	1
chr19	16235000	16275000	0.408373380809494	1
chr19	16455000	16495000	0.408248005786922	1
chr19	16415000	16490000	0.200474400777596	1
chr19	16500000	16540000	0.408194640362996	1
chr19	16310000	16490000	0.0903164621880898	1
chr19	16605000	16645000	0.407602460164797	1
chr19	16395000	16485000	0.165899360731687	1
chr19	16350000	16460000	0.137095979504754	1
chr19	16645000	16735000	0.165543803766481	1
chr19	16335000	16545000	0.0794137988560327	1
chr19	16325000	16525000	0.0827670180329665	1
chr19	16200000	16290000	0.164771621618145	1
chr19	16365000	16540000	0.0910408153044032	1
chr19	16550000	16600000	0.310079094638672	1
chr19	16190000	16240000	0.309999939387897	1
chr19	16180000	16270000	0.16389566149452	1
chr19	16390000	16495000	0.140847381802432	1
chr19	16195000	16255000	0.250927276375896	1
chr19	16150000	16275000	0.120074207103408	1
chr19	16315000	16515000	0.0816441114557411	1
chr19	16395000	16500000	0.140571191993061	1
chr19	16645000	16695000	0.30902532601232	1
chr19	16205000	16295000	0.163281284638083	1
chr19	16330000	16530000	0.0814986295433818	1
chr19	16180000	16305000	0.119806885068805	1
chr19	16695000	16745000	0.308493467678836	1
chr19	16665000	16715000	0.308176484789264	1
chr19	16225000	16300000	0.195379541540799	1
chr19	16315000	16520000	0.078663141363598	1
chr19	16635000	16685000	0.306848161486314	1
chr19	16420000	16480000	0.248487536040937	1
chr19	16385000	16505000	0.123159402645516	1
chr19	16650000	16725000	0.194546518332883	1
chr19	16370000	16515000	0.103621745576341	1
chr19	16405000	16510000	0.138431999691476	1
chr19	16655000	16705000	0.3057748693896	1
chr19	16425000	16500000	0.193899314722462	1
chr19	16445000	16495000	0.305352441207205	1
chr19	16210000	16295000	0.169872573741129	1
chr19	16635000	16755000	0.12235562104925	1
chr19	16655000	16730000	0.193359426250937	1
chr19	16385000	16435000	0.304409312850707	1
chr19	16155000	16275000	0.121651307773949	1
chr19	16650000	16740000	0.159639069506743	1
chr19	16320000	16500000	0.0851061310563635	1
chr19	16620000	16670000	0.303478275544104	1
chr19	16350000	16465000	0.125817710506997	1
chr19	16370000	16530000	0.0934213002304328	1
chr19	16380000	16440000	0.245566839045758	1
chr19	16655000	16715000	0.24553651136461	1
chr19	16690000	16750000	0.245502484373602	1
chr19	16680000	16740000	0.245342553608339	1
chr19	16240000	16290000	0.302063019601895	1
chr19	15815000	16055000	0.067696191783271	1
chr19	16350000	16545000	0.0792259465880792	1
chr19	16150000	16270000	0.120035931302743	1
chr19	16420000	16495000	0.190864865670165	1
chr19	16385000	16500000	0.124503493759143	1
chr19	16380000	16410000	0.576052201369539	1
chr19	16130000	16295000	0.0899810760212221	1
chr19	16650000	16770000	0.119619402382734	1
chr19	16195000	16280000	0.166668252256796	1
chr19	16315000	16500000	0.0812164070949163	1
chr19	16185000	16270000	0.166064948932312	1
chr19	16175000	16310000	0.106547549501051	1
chr19	16200000	16300000	0.140479042354491	1
chr19	16320000	16520000	0.076474366693354	1
chr19	16635000	16735000	0.140369934958278	1
chr19	16620000	16650000	0.573750292565385	1
chr19	16215000	16245000	0.573494283478545	1
chr19	16390000	16475000	0.165291269118278	1
chr19	16360000	16460000	0.139944653564311	1
chr19	16680000	16765000	0.164897673656115	1
chr19	16385000	16515000	0.108923780343353	1
chr19	16365000	16395000	0.57226506490818	1
