chr14	50115000	50135000	0.998110493486496	1
chr14	50170000	50190000	0.997925086333926	1
chr14	50170000	50215000	0.570000322016299	1
chr14	50245000	50265000	0.997929350015282	1
chr14	50245000	50275000	0.799224070389148	1
chr14	50250000	50270000	0.99827256306595	1
chr14	50250000	50280000	0.798579243140545	1
chr14	50255000	50275000	0.9980395889885	1
chr14	50255000	50280000	0.998316839446299	1
chr14	50260000	50280000	0.998245263369484	1
chr14	50260000	50305000	0.560542787257716	1
chr14	50265000	50285000	0.998033856961408	1
chr14	50265000	50295000	0.800109895534844	1
chr14	50275000	50305000	0.799744555242807	1
chr14	50320000	50560000	0.137148987357373	1
chr14	50320000	50565000	0.199702535250998	1
chr14	50320000	50570000	0.247270010539507	1
chr14	50320000	50575000	0.169403583265451	1
chr14	50320000	50580000	0.197435455478061	1
chr14	50325000	50545000	0.165823256718792	1
chr14	50325000	50550000	0.144888449645789	1
chr14	50325000	50555000	0.239957178960624	1
chr14	50325000	50560000	0.240965573821061	1
chr14	50325000	50565000	0.409695150928356	1
chr14	50325000	50570000	0.406645111927686	1
chr14	50325000	50575000	0.31213877042877	1
chr14	50325000	50580000	0.202596764854444	1
chr14	50330000	50455000	0.203540182818876	1
chr14	50330000	50465000	0.239602395204743	1
chr14	50330000	50500000	0.161368566477305	1
chr14	50330000	50510000	0.144104498399666	1
chr14	50330000	50525000	0.201804668520642	1
chr14	50330000	50530000	0.160931744866427	1
chr14	50330000	50540000	0.162444787852036	1
chr14	50330000	50545000	0.167349398446807	1
chr14	50330000	50550000	0.309011739907396	1
chr14	50330000	50555000	0.311220014085825	1
chr14	50330000	50560000	0.417443086726252	1
chr14	50330000	50565000	0.414781806117937	1
chr14	50330000	50570000	0.568289685685328	1
chr14	50330000	50575000	0.569471637925564	1
chr14	50330000	50580000	0.411446843731659	1
chr14	50335000	50355000	0.998510020580706	1
chr14	50335000	50465000	0.241430232535574	1
chr14	50335000	50505000	0.162805892211211	1
chr14	50335000	50530000	0.243848557468628	1
chr14	50335000	50550000	0.243676352938815	1
chr14	50335000	50555000	0.194546518332883	1
chr14	50335000	50560000	0.194471777739212	1
chr14	50335000	50565000	0.405800252753617	1
chr14	50335000	50570000	0.56118337540566	1
chr14	50335000	50575000	0.244412960774894	1
chr14	50340000	50555000	0.196435760059923	1
chr14	50340000	50560000	0.17170915953823	1
chr14	50340000	50565000	0.195052819642086	1
chr14	50340000	50570000	0.249887577664044	1
chr14	50340000	50575000	0.199809789638158	1
chr14	50340000	50580000	0.245002541887266	1
chr14	50345000	50545000	0.141488897155783	1
chr14	50345000	50555000	0.194700334498035	1
chr14	50345000	50560000	0.193831437516966	1
chr14	50345000	50565000	0.310974519504503	1
chr14	50345000	50570000	0.309065302261641	1
chr14	50345000	50575000	0.236856348505179	1
chr14	50350000	50555000	0.162947230145794	1
chr14	50350000	50560000	0.246687066622318	1
chr14	50350000	50565000	0.197254273164128	1
chr14	50350000	50570000	0.311268468038835	1
chr14	50350000	50575000	0.168962107090138	1
chr14	50355000	50455000	0.237381363871838	1
chr14	50355000	50465000	0.240145940717852	1
chr14	50355000	50500000	0.194840400319425	1
chr14	50355000	50515000	0.16306483501154	1
chr14	50355000	50530000	0.165753779763419	1
chr14	50355000	50545000	0.142734189468965	1
chr14	50355000	50550000	0.241112768721156	1
chr14	50355000	50560000	0.24818050962488	1
chr14	50355000	50565000	0.24428677825994	1
chr14	50355000	50570000	0.199842224975856	1
chr14	50355000	50575000	0.169060549614523	1
chr14	50360000	50390000	0.799955997938083	1
chr14	50360000	50425000	0.313107585021017	1
chr14	50360000	50435000	0.40587668102876	1
chr14	50360000	50440000	0.309943224280171	1
chr14	50360000	50450000	0.309173714226867	1
chr14	50360000	50460000	0.2422222305939	1
chr14	50360000	50465000	0.416900566148541	1
chr14	50360000	50470000	0.201959296953533	1
chr14	50360000	50540000	0.314334301939548	1
chr14	50360000	50545000	0.199088449091714	1
chr14	50360000	50550000	0.307568046096328	1
chr14	50360000	50555000	0.161577581301669	1
chr14	50360000	50565000	0.195379541540799	1
chr14	50360000	50570000	0.198584121112715	1
chr14	50360000	50575000	0.159570991660509	1
chr14	50365000	50385000	0.998443768441492	1
chr14	50365000	50395000	0.796406689472076	1
chr14	50365000	50400000	0.799632392334076	1
chr14	50365000	50465000	0.30958282959756	1
chr14	50365000	50565000	0.14312347959116	1
chr14	50370000	50390000	0.998520945567758	1
chr14	50370000	50400000	0.797698156924038	1
chr14	50370000	50455000	0.307268733204896	1
chr14	50380000	50400000	0.998221752503769	1
chr14	50380000	50410000	0.798866068731098	1
chr14	50385000	50405000	0.997907928596911	1
chr14	50385000	50415000	0.794980069771461	1
chr14	50395000	50415000	0.99827872513732	1
chr14	50395000	50420000	0.998135917201992	1
chr14	50395000	50425000	0.998338237169652	1
chr14	50395000	50430000	0.793600854386656	1
chr14	50395000	50435000	0.570055464420404	1
chr14	50400000	50420000	0.998725802805063	1
chr14	50400000	50425000	0.997730115812348	1
chr14	50400000	50430000	0.80062117357342	1
chr14	50405000	50425000	0.998833196831527	1
chr14	50410000	50430000	0.99852742120551	1
chr14	50435000	50455000	0.998942574968055	1
chr14	50435000	50460000	0.99795319549942	1
chr14	50435000	50465000	0.80344166960381	1
chr14	50440000	50460000	0.998831763672604	1
chr14	50440000	50465000	0.997918523952116	1
chr14	50465000	50495000	0.794832033652425	1
chr14	50465000	50500000	0.7934861930461	1
chr14	50465000	50505000	0.555485003178442	1
chr14	50465000	50525000	0.408080455307824	1
chr14	50465000	50530000	0.321453737385147	1
chr14	50465000	50550000	0.41433277570826	1
chr14	50470000	50490000	0.99999999999983	1
chr14	50470000	50495000	0.998492427843995	1
chr14	50470000	50500000	0.99999999999983	1
chr14	50470000	50550000	0.316828707110876	1
chr14	50475000	50495000	0.99999999999983	1
chr14	50475000	50500000	0.998463579382474	1
chr14	50475000	50505000	0.796671293614879	1
chr14	50480000	50500000	0.998729905298596	1
chr14	50505000	50525000	0.998633160478398	1
chr14	50505000	50545000	0.795486234952969	1
chr14	50505000	50550000	0.797998205330437	1
chr14	50505000	50555000	0.417510696487849	1
chr14	50510000	50530000	0.997842704974395	1
chr14	50510000	50550000	0.565268138138942	1
chr14	50510000	50560000	0.409238707521134	1
chr14	50515000	50545000	0.79524275518032	1
chr14	50525000	50545000	0.998317331905524	1
chr14	50525000	50550000	0.99755761783125	1
chr14	50525000	50555000	0.796175672908278	1
chr14	50530000	50550000	0.99999999999983	1
chr14	50255000	50290000	0.575577945562408	1
chr14	50365000	50420000	0.405344990203393	1
chr14	50370000	50425000	0.403338996405402	1
chr14	50360000	50510000	0.165383617249057	1
chr14	50320000	50555000	0.137755295564908	1
chr14	50260000	50295000	0.571176367947615	1
chr14	50390000	50425000	0.570358100326838	1
chr14	50470000	50505000	0.570787010970432	1
chr14	50370000	50450000	0.247312134989011	1
chr14	50360000	50500000	0.165901663698533	1
chr14	50345000	50530000	0.14430599129804	1
chr14	50345000	50550000	0.14107635096312	1
chr14	50465000	50555000	0.240372178914229	1
chr14	50360000	50505000	0.163957080089454	1
chr14	50340000	50510000	0.137671230812607	1
chr14	50365000	50570000	0.1385136878293	1
chr14	50505000	50530000	0.806064611813886	1
chr14	50250000	50285000	0.565663152082601	1
chr14	50400000	50435000	0.567326528841742	1
chr14	50515000	50550000	0.56650775168958	1
chr14	50530000	50565000	0.567174478672211	1
chr14	50350000	50545000	0.13415440129837	1
chr14	50265000	50290000	0.801424084714102	1
chr14	50365000	50390000	0.802365358128493	1
chr14	50385000	50410000	0.802371450950569	1
chr14	50410000	50435000	0.801890386478155	1
chr14	50430000	50455000	0.801352272529406	1
chr14	50510000	50545000	0.564991002977197	1
chr14	50315000	50565000	0.109312716540372	1
chr14	50390000	50415000	0.800549894988517	1
chr14	50405000	50430000	0.800594829878361	1
chr14	50245000	50280000	0.563085680425912	1
chr14	50380000	50415000	0.56264960950746	1
chr14	50340000	50545000	0.125244629604045	1
chr14	50335000	50545000	0.118883447646004	1
chr14	50175000	50200000	0.798371578792862	1
chr14	50260000	50285000	0.799250503367681	1
chr14	50370000	50395000	0.798571526707803	1
chr14	50380000	50405000	0.799253660748957	1
chr14	50415000	50440000	0.798766852678389	1
chr14	50370000	50405000	0.561052622418176	1
chr14	50315000	50580000	0.103876452420095	1
chr14	50450000	50560000	0.193899314722462	1
chr14	50425000	50460000	0.560422531800793	1
chr14	50525000	50560000	0.56036423570498	1
chr14	50355000	50460000	0.196030362908483	1
chr14	50465000	50570000	0.195420130917067	1
chr14	50330000	50475000	0.155602713671602	1
chr14	50425000	50450000	0.797331159014423	1
chr14	50360000	50395000	0.55682657845846	1
chr14	50370000	50430000	0.313403838865238	1
chr14	50375000	50410000	0.556198048408719	1
chr14	50340000	50550000	0.117480718632726	1
chr14	50240000	50265000	0.796529589535935	1
chr14	50375000	50400000	0.796622853432075	1
chr14	50285000	50310000	0.796356539113133	1
chr14	50245000	50305000	0.311885059871025	1
chr14	50330000	50535000	0.118405298237481	1
chr14	50345000	50465000	0.171505137722103	1
chr14	50335000	50525000	0.11901794753885	1
chr14	50335000	50540000	0.11764831823644	1
chr14	50530000	50555000	0.79533809053578	1
chr14	50110000	50135000	0.794447941885249	1
chr14	50270000	50295000	0.794570254736811	1
chr14	50515000	50540000	0.794702858715871	1
chr14	50350000	50510000	0.137313623540781	1
chr14	50320000	50550000	0.106301118767972	1
chr14	50360000	50420000	0.304048066567687	1
chr14	50360000	50455000	0.201583173645311	1
chr14	50465000	50510000	0.413355438924365	1
chr14	50330000	50505000	0.124344753417546	1
chr14	50315000	50570000	0.0996240583601286	1
chr14	50365000	50440000	0.24472007694001	1
chr14	50330000	50515000	0.119939678341561	1
chr14	50515000	50560000	0.410731331305225	1
chr14	50355000	50470000	0.171073850486175	1
chr14	50355000	50555000	0.115409694677172	1
chr14	50350000	50535000	0.119169034188187	1
chr14	50360000	50515000	0.135475476186978	1
chr14	50520000	50565000	0.408518408708801	1
chr14	50510000	50555000	0.408002037069541	1
chr14	50365000	50410000	0.407222915038697	1
chr14	50380000	50425000	0.406217592326537	1
chr14	50345000	50460000	0.168974486355995	1
chr14	50355000	50505000	0.137777374151876	1
chr14	50245000	50290000	0.405378847656733	1
chr14	50155000	50230000	0.239632149103693	1
chr14	50470000	50560000	0.205139136569051	1
chr14	50385000	50430000	0.403981348259232	1
chr14	50370000	50460000	0.200936481089767	1
chr14	50365000	50550000	0.113947642830086	1
chr14	50355000	50520000	0.122325224481382	1
chr14	50345000	50515000	0.119955347856928	1
chr14	50350000	50550000	0.107679297548512	1
chr14	50460000	50550000	0.198911462949536	1
chr14	50335000	50495000	0.124218367970846	1
chr14	50365000	50560000	0.108786664396556	1
chr14	50355000	50510000	0.128215944670132	1
chr14	50340000	50455000	0.161560803748084	1
chr14	50370000	50570000	0.106315332116461	1
chr14	50335000	50500000	0.120074207103408	1
chr14	50335000	50470000	0.139285130845368	1
chr14	50480000	50570000	0.195265001154025	1
chr14	50365000	50455000	0.195231722423412	1
chr14	50390000	50460000	0.248684418582059	1
chr14	50345000	50435000	0.194521717411843	1
chr14	50475000	50565000	0.194494677138037	1
chr14	50475000	50560000	0.202064331237016	1
chr14	50470000	50540000	0.24531546895435	1
chr14	50345000	50535000	0.106304379081548	1
chr14	50360000	50560000	0.102862227718229	1
chr14	50345000	50450000	0.167393500534933	1
chr14	50350000	50530000	0.109056635565173	1
chr14	50340000	50525000	0.107110036294003	1
chr14	50365000	50470000	0.166473826682475	1
chr14	50505000	50560000	0.310640561011563	1
chr14	50335000	50535000	0.101660852898546	1
chr14	50330000	50435000	0.16449240023229	1
chr14	50380000	50435000	0.307717683720553	1
chr14	50350000	50580000	0.0903164621880898	1
chr14	50340000	50530000	0.103276707995458	1
chr14	50385000	50440000	0.306648203647824	1
chr14	50370000	50555000	0.104226842077571	1
chr14	50345000	50525000	0.105341644883753	1
chr14	50395000	50465000	0.238203842590148	1
chr14	50345000	50500000	0.11835719328586	1
chr14	50470000	50525000	0.30443440202802	1
chr14	50340000	50465000	0.138973174459471	1
chr14	50315000	50575000	0.0813646785978121	1
chr14	50360000	50580000	0.0900170209504284	1
chr14	50345000	50520000	0.10575162476612	1
chr14	50350000	50520000	0.108358413361251	1
chr14	50350000	50500000	0.118803232578559	1
chr14	50345000	50495000	0.118262117624917	1
chr14	50325000	50465000	0.124645563249539	1
chr14	50465000	50565000	0.164749173011336	1
chr14	50360000	50535000	0.102624853974835	1
chr14	50335000	50455000	0.138643343813563	1
chr14	50370000	50435000	0.246950039761808	1
chr14	50350000	50515000	0.105817918870316	1
chr14	50370000	50565000	0.0937073940074655	1
chr14	50330000	50520000	0.0950469291710296	1
chr14	50505000	50570000	0.245724062033176	1
chr14	50350000	50460000	0.146987041101639	1
chr14	50360000	50485000	0.131139302431973	1
chr14	50340000	50460000	0.136321349087129	1
chr14	50485000	50565000	0.197451660234622	1
chr14	50365000	50555000	0.0933312245682335	1
chr14	50335000	50450000	0.140655556972809	1
chr14	50365000	50430000	0.243670692057397	1
chr14	50390000	50430000	0.420509892672256	1
chr14	50475000	50555000	0.196295723154736	1
chr14	50345000	50510000	0.103055393103923	1
chr14	50390000	50470000	0.195824332887153	1
chr14	50360000	50520000	0.105140435719826	1
chr14	50330000	50470000	0.117199655735771	1
chr14	50455000	50550000	0.163419079487707	1
chr14	50350000	50465000	0.137275996390601	1
chr14	50470000	50510000	0.4152117979595	1
chr14	50375000	50415000	0.414612580243769	1
chr14	50245000	50285000	0.414417275473186	1
chr14	50255000	50295000	0.413840492533317	1
chr14	50385000	50435000	0.318074844924205	1
chr14	50370000	50410000	0.413543955909264	1
chr14	50365000	50405000	0.413505208033293	1
chr14	50515000	50565000	0.317883274184891	1
chr14	50345000	50475000	0.120773495963676	1
chr14	50340000	50495000	0.104660103614957	1
chr14	50475000	50570000	0.160703866057711	1
chr14	50395000	50445000	0.316664411664173	1
chr14	50335000	50580000	0.0737332173310001	1
chr14	50250000	50290000	0.411552838706583	1
chr14	50530000	50570000	0.411538512139765	1
chr14	50360000	50530000	0.0965349543205515	1
chr14	50380000	50420000	0.411280413121912	1
chr14	50355000	50580000	0.0780028501075624	1
chr14	50340000	50535000	0.0865343889941206	1
chr14	50335000	50480000	0.108842100670821	1
chr14	50470000	50565000	0.158789700952394	1
chr14	50265000	50305000	0.409416140943255	1
chr14	50320000	50530000	0.0805514191248118	1
chr14	50345000	50470000	0.123126277112685	1
chr14	50525000	50565000	0.408649354426019	1
chr14	50105000	50145000	0.408248005786922	1
chr14	50385000	50425000	0.407979473455107	1
chr14	50520000	50560000	0.407718010972547	1
chr14	50425000	50465000	0.407588749822204	1
chr14	50470000	50520000	0.312251054463436	1
chr14	50340000	50515000	0.0920682489564024	1
chr14	50500000	50550000	0.311793225263826	1
chr14	50390000	50440000	0.31153005637501	1
chr14	50335000	50460000	0.121469464484842	1
chr14	50310000	50575000	0.0674707479569055	1
chr14	50375000	50425000	0.310016166242334	1
chr14	50335000	50510000	0.0904482047194723	1
chr14	50405000	50455000	0.308971118234463	1
chr14	50110000	50150000	0.403899906925769	1
chr14	50325000	50530000	0.0796197622560919	1
chr14	50340000	50505000	0.0942910421455448	1
chr14	50335000	50515000	0.0871134666951342	1
chr14	50360000	50490000	0.114325687396603	1
chr14	50470000	50545000	0.195005106245112	1
chr14	50255000	50305000	0.306308236877422	1
chr14	50365000	50415000	0.306287239263363	1
chr14	50360000	50525000	0.0926829121448887	1
chr14	50320000	50545000	0.0731280255291364	1
chr14	50355000	50475000	0.122922638995684	1
chr14	50250000	50300000	0.305919874580646	1
chr14	50350000	50525000	0.0884728889729172	1
chr14	50345000	50580000	0.0702289847079281	1
chr14	50330000	50490000	0.0939815273536411	1
chr14	50460000	50545000	0.169043757550468	1
chr14	50330000	50460000	0.112370943266051	1
chr14	50350000	50455000	0.136613563554493	1
chr14	50495000	50555000	0.245524682271723	1
chr14	50375000	50570000	0.0797919929887385	1
chr14	50400000	50460000	0.244942430509922	1
chr14	50160000	50220000	0.244850688972656	1
chr14	50345000	50505000	0.091735532100762	1
chr14	50460000	50520000	0.242645815575046	1
chr14	50350000	50470000	0.118800136830161	1
chr14	50370000	50440000	0.20414635602783	1
chr14	50390000	50420000	0.573750292565385	1
chr14	50330000	50485000	0.0937155235999914	1
chr14	50365000	50450000	0.165347357900745	1
chr14	50505000	50565000	0.241107051071623	1
chr14	50255000	50285000	0.57226506490818	1
chr14	50355000	50525000	0.0858460095616533	1
chr14	50240000	50300000	0.240148505838039	1
chr14	50190000	50220000	0.571298576555975	1
chr14	50340000	50470000	0.107987177357849	1
chr14	50365000	50505000	0.101313530410878	1
chr14	50130000	50245000	0.121157722464994	1
chr14	50505000	50535000	0.57078235165551	1
chr14	50520000	50550000	0.570769437995471	1
chr14	50530000	50560000	0.570378584442759	1
chr14	50260000	50290000	0.569427507706512	1
chr14	50535000	50565000	0.568615185337619	1
chr14	50355000	50535000	0.0799676532305886	1
chr14	50280000	50310000	0.568366589426951	1
chr14	50405000	50435000	0.568355635077428	1
chr14	50340000	50440000	0.136539482495601	1
chr14	50160000	50230000	0.199183245043646	1
chr14	50185000	50215000	0.567643830323531	1
chr14	50270000	50300000	0.567473635716613	1
chr14	50425000	50455000	0.567456516757297	1
chr14	50375000	50405000	0.567329488243188	1
chr14	50365000	50530000	0.0853784715509166	1
chr14	50365000	50435000	0.198844306573769	1
chr14	50340000	50480000	0.0987003638706643	1
chr14	50390000	50560000	0.0831582491487045	1
chr14	50385000	50560000	0.0811201115768917	1
chr14	50335000	50485000	0.092104639945013	1
chr14	50460000	50530000	0.197343319525896	1
chr14	50465000	50545000	0.170094211811621	1
chr14	50465000	50535000	0.197176389687422	1
chr14	50430000	50460000	0.56404108914116	1
chr14	50170000	50200000	0.563889054984906	1
chr14	50375000	50445000	0.195567153922657	1
chr14	50420000	50450000	0.562626717444175	1
chr14	50105000	50135000	0.562410682776356	1
chr14	50500000	50530000	0.562214648333849	1
chr14	50340000	50435000	0.1391632743055	1
chr14	50365000	50495000	0.102018693713063	1
chr14	50115000	50145000	0.560660941068558	1
chr14	50460000	50540000	0.166357719825889	1
chr14	50335000	50475000	0.0944665845947041	1
chr14	50335000	50520000	0.0733640435453381	1
chr14	50365000	50460000	0.137290705741251	1
chr14	50370000	50550000	0.0750410852066219	1
chr14	50375000	50560000	0.0726052773465274	1
chr14	50360000	50415000	0.251791513408737	1
chr14	50460000	50565000	0.1214344093489	1
chr14	50435000	50555000	0.105925000436338	1
chr14	50385000	50565000	0.072545271709024	1
chr14	50370000	50505000	0.0945265014988184	1
chr14	50325000	50525000	0.0664032842643574	1
chr14	50325000	50540000	0.0622764201772432	1
chr14	50395000	50520000	0.100675421562787	1
