chr18	10555000	11150000	0.101075940835292	1
chr18	10560000	11150000	0.116761505103937	1
chr18	10635000	10655000	0.998201031372494	1
chr18	10670000	10690000	0.997968388439773	1
chr18	10780000	11150000	0.165370064199098	1
chr18	10785000	11145000	0.122136929993981	1
chr18	10785000	11150000	0.160703866057711	1
chr18	10785000	11155000	0.137447800350383	1
chr18	10790000	11150000	0.136613563554493	1
chr18	10795000	11155000	0.103994138989461	1
chr18	10800000	11150000	0.118173701968453	1
chr18	10840000	11035000	0.199842224975856	1
chr18	10840000	11040000	0.251325662176202	1
chr18	10840000	11145000	0.167335543265671	1
chr18	10840000	11150000	0.139764455581933	1
chr18	10845000	11030000	0.199672353482645	1
chr18	10845000	11035000	0.317156757971876	1
chr18	10845000	11040000	0.245751363536361	1
chr18	10845000	11045000	0.142492865136642	1
chr18	10845000	11050000	0.16389566149452	1
chr18	10845000	11140000	0.195420130917067	1
chr18	10845000	11145000	0.246168261516774	1
chr18	10845000	11150000	0.308971118234463	1
chr18	10850000	10870000	0.998073890680245	1
chr18	10850000	10925000	0.317123115263735	1
chr18	10850000	10945000	0.310529087917102	1
chr18	10850000	10950000	0.405344990203393	1
chr18	10850000	11025000	0.247315471688599	1
chr18	10850000	11030000	0.309430491983026	1
chr18	10850000	11035000	0.565606420529043	1
chr18	10850000	11040000	0.570378584442759	1
chr18	10850000	11045000	0.167349398446807	1
chr18	10850000	11050000	0.241813702785007	1
chr18	10850000	11055000	0.169872573741129	1
chr18	10850000	11135000	0.16306483501154	1
chr18	10850000	11140000	0.194168728022217	1
chr18	10850000	11145000	0.194521717411843	1
chr18	10850000	11150000	0.30958282959756	1
chr18	10850000	11155000	0.202064331237016	1
chr18	10855000	10950000	0.310524965143879	1
chr18	10855000	11030000	0.306631617513663	1
chr18	10855000	11035000	0.405378847656733	1
chr18	10855000	11040000	0.305352441207205	1
chr18	10855000	11045000	0.167883019403867	1
chr18	10855000	11140000	0.118910358016615	1
chr18	10855000	11145000	0.164954239714147	1
chr18	10855000	11150000	0.169977147016603	1
chr18	10860000	11040000	0.247409720939484	1
chr18	10860000	11045000	0.165901663698533	1
chr18	10860000	11150000	0.192439302549844	1
chr18	10865000	11035000	0.202654150056877	1
chr18	10865000	11045000	0.200453569373293	1
chr18	10870000	10925000	0.568355635077428	1
chr18	10870000	10945000	0.307160369244916	1
chr18	10870000	10950000	0.308176484789264	1
chr18	10870000	11040000	0.197451660234622	1
chr18	10875000	10895000	0.998284465168612	1
chr18	10875000	10925000	0.801424084714102	1
chr18	10875000	10930000	0.567359687778466	1
chr18	10875000	10935000	0.412629614606859	1
chr18	10875000	10945000	0.561807206713778	1
chr18	10875000	10950000	0.799632392334076	1
chr18	10875000	10955000	0.410734318053667	1
chr18	10875000	11040000	0.197052597299489	1
chr18	10875000	11045000	0.146985519067046	1
chr18	10880000	10900000	0.998323365766697	1
chr18	10880000	10910000	0.799250503367681	1
chr18	10880000	10920000	0.575577945562408	1
chr18	10880000	10925000	0.796706388816014	1
chr18	10880000	10930000	0.563495887798368	1
chr18	10880000	10950000	0.571875900807651	1
chr18	10885000	10905000	0.998354178914718	1
chr18	10885000	10915000	0.800227191545072	1
chr18	10885000	10920000	0.801596353911959	1
chr18	10885000	10925000	0.800766128496274	1
chr18	10885000	10930000	0.57226506490818	1
chr18	10885000	10935000	0.413769993617841	1
chr18	10885000	10940000	0.562626717444175	1
chr18	10885000	11035000	0.20530619041581	1
chr18	10890000	10910000	0.998318147304262	1
chr18	10890000	10920000	0.799453069251224	1
chr18	10890000	10925000	0.800528815544018	1
chr18	10890000	10935000	0.56118337540566	1
chr18	10890000	10950000	0.414538779331748	1
chr18	10895000	10915000	0.999048357048785	1
chr18	10895000	10920000	0.998135917201992	1
chr18	10895000	10925000	0.802149665299979	1
chr18	10895000	11040000	0.192125077294544	1
chr18	10900000	10920000	0.998524298952033	1
chr18	10905000	10925000	0.998196857663657	1
chr18	10925000	10945000	0.998641190211429	1
chr18	10925000	10950000	0.99999999999983	1
chr18	10925000	11035000	0.240178135530217	1
chr18	10930000	10950000	0.998802696196487	1
chr18	10935000	11040000	0.239957178960624	1
chr18	10945000	11005000	0.567174478672211	1
chr18	10945000	11035000	0.307568046096328	1
chr18	10950000	10970000	0.998253435090251	1
chr18	10950000	10980000	0.795486234952969	1
chr18	10950000	11000000	0.796406689472076	1
chr18	10950000	11010000	0.403338996405402	1
chr18	10950000	11020000	0.417510696487849	1
chr18	10950000	11025000	0.405805396444297	1
chr18	10950000	11030000	0.570307668998174	1
chr18	10950000	11035000	0.408248005786922	1
chr18	10950000	11040000	0.408518408708801	1
chr18	10950000	11145000	0.165347357900745	1
chr18	10955000	10975000	0.998589503039498	1
chr18	10955000	10980000	0.998275033031325	1
chr18	10955000	10985000	0.800549894988517	1
chr18	10955000	10990000	0.797083671717841	1
chr18	10955000	10995000	0.805256218342277	1
chr18	10955000	11000000	0.797331159014423	1
chr18	10955000	11005000	0.565268138138942	1
chr18	10955000	11025000	0.406411494886363	1
chr18	10955000	11030000	0.409746728486007	1
chr18	10955000	11035000	0.309173714226867	1
chr18	10955000	11040000	0.308800821934878	1
chr18	10955000	11045000	0.401736919321769	1
chr18	10960000	10980000	0.9980395889885	1
chr18	10960000	10995000	0.800481208199485	1
chr18	10960000	11000000	0.572688601190788	1
chr18	10960000	11010000	0.411446843731659	1
chr18	10960000	11025000	0.573750292565385	1
chr18	10960000	11035000	0.309011739907396	1
chr18	10965000	10985000	0.998453034835026	1
chr18	10965000	10990000	0.997918523952116	1
chr18	10965000	10995000	0.998214012781756	1
chr18	10965000	11000000	0.798371578792862	1
chr18	10965000	11005000	0.795700326884231	1
chr18	10965000	11015000	0.402065272074571	1
chr18	10965000	11025000	0.566787828526707	1
chr18	10970000	10990000	0.998502790413295	1
chr18	10970000	10995000	0.998265390029491	1
chr18	10970000	11000000	0.802325291618609	1
chr18	10970000	11010000	0.560321576282728	1
chr18	10970000	11020000	0.409324671296739	1
chr18	10975000	10995000	0.998757562626213	1
chr18	10975000	11000000	0.998106195788791	1
chr18	10975000	11005000	0.79960828963541	1
chr18	10975000	11015000	0.795489516681574	1
chr18	10980000	11000000	0.99999999999983	1
chr18	10980000	11005000	0.997730115812348	1
chr18	10980000	11010000	0.798903337884659	1
chr18	10985000	11005000	0.998473822055653	1
chr18	10985000	11010000	0.99804368986906	1
chr18	10990000	11010000	0.998317331905524	1
chr18	11000000	11020000	0.998328839116465	1
chr18	11000000	11030000	0.798509282072443	1
chr18	11005000	11025000	0.998450418015853	1
chr18	11005000	11035000	0.797998205330437	1
chr18	11045000	11065000	0.998214974547793	1
chr18	11045000	11075000	0.799945270599387	1
chr18	11050000	11070000	0.998386547610165	1
chr18	11055000	11095000	0.562086047928196	1
chr18	11060000	11130000	0.403981348259232	1
chr18	11070000	11090000	0.998040974841874	1
chr18	11095000	11115000	0.998169641529027	1
chr18	11100000	11120000	0.998245263369484	1
chr18	11105000	11125000	0.99827256306595	1
chr18	11110000	11130000	0.998331258315928	1
chr18	10880000	10935000	0.405800252753617	1
chr18	10945000	11000000	0.410424387384449	1
chr18	10950000	11005000	0.411675584478365	1
chr18	10955000	11010000	0.40872959284892	1
chr18	10965000	11020000	0.410577057041298	1
chr18	10865000	10930000	0.307886638938575	1
chr18	10875000	10940000	0.301848280156779	1
chr18	10880000	10945000	0.309384012772282	1
chr18	10885000	10950000	0.310055339196177	1
chr18	10955000	11020000	0.305690661215685	1
chr18	10975000	11040000	0.310765077563815	1
chr18	10850000	10920000	0.303388358201563	1
chr18	10930000	11000000	0.31153005637501	1
chr18	10935000	11005000	0.309090566690803	1
chr18	10965000	11035000	0.308640631388916	1
chr18	10860000	10945000	0.242635622735978	1
chr18	10890000	11040000	0.165543803766481	1
chr18	10850000	11005000	0.159570991660509	1
chr18	10845000	11055000	0.1385136878293	1
chr18	10970000	11005000	0.569502747859083	1
chr18	10855000	10945000	0.242868424788914	1
chr18	10860000	10950000	0.242870698604019	1
chr18	10855000	11020000	0.144888449645789	1
chr18	10850000	11020000	0.140503101570462	1
chr18	10865000	11040000	0.143741122588774	1
chr18	10845000	11155000	0.109312716540372	1
chr18	10780000	11155000	0.106126078816575	1
chr18	10865000	10955000	0.237085806037204	1
chr18	10855000	11025000	0.13945725941624	1
chr18	10860000	11030000	0.139330598834247	1
chr18	10975000	11010000	0.56882944766449	1
chr18	11000000	11035000	0.568033930049858	1
chr18	10865000	11030000	0.140871536307699	1
chr18	10960000	10985000	0.808302606609395	1
chr18	10995000	11020000	0.80513727521177	1
chr18	11105000	11130000	0.80757343892994	1
chr18	10895000	10930000	0.565659763226354	1
chr18	11100000	11135000	0.565866275032555	1
chr18	10895000	11035000	0.162970995002249	1
chr18	10845000	11125000	0.10449202944499	1
chr18	10865000	11145000	0.105155139350125	1
chr18	10830000	11150000	0.101313530410878	1
chr18	10875000	11050000	0.137148987357373	1
chr18	10840000	11140000	0.104660103614957	1
chr18	10850000	10875000	0.801112689807622	1
chr18	10880000	10905000	0.801614017339423	1
chr18	10885000	10910000	0.80338167989104	1
chr18	10900000	10925000	0.801890386478155	1
chr18	10990000	11015000	0.801480099930608	1
chr18	10775000	11150000	0.0933000133817239	1
chr18	11005000	11030000	0.800560892246373	1
chr18	11100000	11125000	0.800594829878361	1
chr18	10850000	11015000	0.138888710744362	1
chr18	10840000	11050000	0.123112799576768	1
chr18	11075000	11100000	0.799955997938083	1
chr18	10950000	10985000	0.562200786674241	1
chr18	10890000	11030000	0.159079517887513	1
chr18	10800000	10825000	0.798571526707803	1
chr18	10810000	10835000	0.799224070389148	1
chr18	10890000	10915000	0.799744555242807	1
chr18	11045000	11070000	0.798418781327108	1
chr18	11060000	11085000	0.798866068731098	1
chr18	11115000	11140000	0.799355719030163	1
chr18	11090000	11125000	0.560542787257716	1
chr18	10860000	11050000	0.123440134234725	1
chr18	11070000	11095000	0.797698156924038	1
chr18	10875000	10910000	0.56036423570498	1
chr18	10895000	11025000	0.16271263169892	1
chr18	10880000	10940000	0.314334301939548	1
chr18	10970000	11030000	0.314294843158733	1
chr18	11080000	11140000	0.313412856566615	1
chr18	10930000	11035000	0.193282973924787	1
chr18	10840000	11155000	0.0944665845947041	1
chr18	10875000	10900000	0.796970659757791	1
chr18	10840000	11045000	0.120958595692165	1
chr18	11000000	11025000	0.796622853432075	1
chr18	10880000	10915000	0.554944324204995	1
chr18	10875000	11025000	0.146533254662673	1
chr18	10855000	11055000	0.120916808031915	1
chr18	10870000	11030000	0.141715171872401	1
chr18	10575000	10600000	0.79533809053578	1
chr18	11065000	11090000	0.795232164221443	1
chr18	10550000	11155000	0.0722872564694703	1
chr18	10860000	10885000	0.793600854386656	1
chr18	10930000	10955000	0.7934861930461	1
chr18	10835000	11150000	0.0917441133372724	1
chr18	10950000	11075000	0.163419079487707	1
chr18	10960000	11005000	0.414880927926877	1
chr18	10950000	10995000	0.413790905588835	1
chr18	10965000	11010000	0.413543955909264	1
chr18	10780000	11145000	0.0813646785978121	1
chr18	10925000	11025000	0.195005106245112	1
chr18	10855000	10930000	0.246687066622318	1
chr18	10975000	11020000	0.413355438924365	1
chr18	10870000	11025000	0.137398223127618	1
chr18	10770000	11150000	0.0811184605665437	1
chr18	10860000	11035000	0.124503493759143	1
chr18	10965000	11040000	0.244968574180748	1
chr18	10880000	10955000	0.24472007694001	1
chr18	10885000	11030000	0.143939081800205	1
chr18	10875000	11030000	0.136539482495601	1
chr18	10905000	11030000	0.159839658713843	1
chr18	10985000	11030000	0.409903917520692	1
chr18	10825000	11155000	0.084514060290083	1
chr18	10825000	11145000	0.0847742385635699	1
chr18	10870000	11145000	0.0937171842849109	1
chr18	10875000	10920000	0.408002037069541	1
chr18	10970000	11015000	0.407888016538409	1
chr18	10925000	11020000	0.198390138563151	1
chr18	10845000	11025000	0.11901794753885	1
chr18	10870000	11020000	0.137081330875798	1
chr18	10890000	10965000	0.23923095900996	1
chr18	10560000	10670000	0.171496747523177	1
chr18	10860000	11025000	0.124218367970846	1
chr18	10840000	11120000	0.0890818460288459	1
chr18	10945000	11040000	0.193831437516966	1
chr18	10855000	11070000	0.104215102366903	1
chr18	10595000	10650000	0.321562728018547	1
chr18	10845000	11135000	0.0851648733512593	1
chr18	10790000	11155000	0.074017934998737	1
chr18	10855000	11050000	0.108245250885223	1
chr18	10835000	11155000	0.0796872941655326	1
chr18	10855000	11155000	0.0826203804079701	1
chr18	11040000	11145000	0.171505137722103	1
chr18	10880000	11020000	0.136209430365486	1
chr18	10870000	11035000	0.119368537032032	1
chr18	10915000	11045000	0.142816550770183	1
chr18	10565000	10670000	0.170550720042318	1
chr18	10795000	11145000	0.0747416616036679	1
chr18	10835000	11040000	0.103055393103923	1
chr18	10835000	11145000	0.0797914396757424	1
chr18	10885000	11020000	0.138151614195242	1
chr18	10880000	11040000	0.12159137884834	1
chr18	10865000	11150000	0.0824719487842163	1
chr18	10895000	10950000	0.314323762909123	1
chr18	10910000	11020000	0.163110681513938	1
chr18	10835000	11140000	0.0801826850193403	1
chr18	10860000	11060000	0.103276707995458	1
chr18	10970000	11025000	0.311885059871025	1
chr18	10850000	11010000	0.119955347856928	1
chr18	10845000	10950000	0.16722935826282	1
chr18	10815000	11145000	0.0767147513015782	1
chr18	10820000	11060000	0.0901271263462294	1
chr18	11080000	11135000	0.311220014085825	1
chr18	10860000	11015000	0.122442615787182	1
chr18	10845000	11005000	0.118590813426758	1
chr18	10885000	11040000	0.121874256770808	1
chr18	10890000	10945000	0.309946973453461	1
chr18	10855000	10925000	0.242675513400722	1
chr18	10580000	10650000	0.242342964394941	1
chr18	10945000	11030000	0.199183245043646	1
chr18	10860000	11145000	0.0794915968977302	1
chr18	10925000	11030000	0.164378476571083	1
chr18	10820000	11145000	0.0737815070087399	1
chr18	10980000	11035000	0.306648203647824	1
chr18	10805000	11150000	0.0704482493596872	1
chr18	10885000	11015000	0.135224549932042	1
chr18	10880000	11035000	0.117480718632726	1
chr18	10850000	10975000	0.1391632743055	1
chr18	10875000	10995000	0.142361535548964	1
chr18	10935000	11035000	0.166531241702782	1
chr18	10835000	11135000	0.0742037205621897	1
chr18	10810000	11155000	0.0683228570654295	1
chr18	10840000	11030000	0.0987003638706643	1
chr18	10835000	11130000	0.0745072843414098	1
chr18	10840000	11135000	0.0741404198746055	1
chr18	10845000	11060000	0.0900170209504284	1
chr18	10870000	11005000	0.127877132551924	1
chr18	10800000	11145000	0.0667661052106116	1
chr18	10765000	11155000	0.0629461885715345	1
chr18	10875000	11150000	0.0769071239856483	1
chr18	10925000	11005000	0.201339693762772	1
chr18	10840000	11075000	0.0833039779806235	1
chr18	11045000	11145000	0.162947230145794	1
chr18	10860000	11005000	0.117746303704075	1
chr18	10830000	11140000	0.0690616389646893	1
chr18	10880000	11030000	0.114942222910143	1
chr18	10950000	11015000	0.246181538190513	1
chr18	10850000	11080000	0.0827904401010694	1
chr18	10950000	11050000	0.160686458300293	1
chr18	10830000	11145000	0.0685037735032555	1
chr18	11055000	11135000	0.198492159098368	1
chr18	10850000	10965000	0.142110742858302	1
chr18	10920000	11035000	0.141398567844552	1
chr18	10850000	10930000	0.197581772937789	1
chr18	10850000	11105000	0.0766890183841117	1
chr18	10840000	11065000	0.0831072339792566	1
chr18	10855000	11115000	0.0751054545674299	1
chr18	11040000	11150000	0.145721365970689	1
chr18	10930000	11010000	0.196295723154736	1
chr18	10855000	11110000	0.0756904799772033	1
chr18	10970000	11035000	0.242387732461752	1
chr18	10840000	11025000	0.0944500277400874	1
chr18	10865000	10945000	0.194962938615795	1
chr18	11055000	11120000	0.241430232535574	1
chr18	10855000	11075000	0.0828951007687664	1
chr18	10815000	11150000	0.0629070402650376	1
chr18	10925000	11040000	0.137671230812607	1
chr18	10870000	10935000	0.239602395204743	1
chr18	10780000	11140000	0.0599354129952293	1
chr18	10930000	11025000	0.162805892211211	1
chr18	10800000	11155000	0.0598457298348193	1
chr18	10855000	11015000	0.102994151578104	1
chr18	10860000	11010000	0.108923780343353	1
chr18	10895000	10935000	0.413505208033293	1
chr18	10855000	11005000	0.108432847271387	1
chr18	10555000	11155000	0.0472542096826431	1
chr18	10810000	11150000	0.0602843119780116	1
chr18	10770000	11155000	0.0563219595701621	1
chr18	10865000	11050000	0.0902591250258563	1
chr18	10940000	10980000	0.411315748056615	1
chr18	10845000	10975000	0.119588248367679	1
chr18	10785000	11135000	0.058683618145484	1
chr18	10730000	10770000	0.410097688799726	1
chr18	10925000	11000000	0.201804668520642	1
chr18	10560000	10735000	0.093762054203216	1
chr18	11050000	11090000	0.409901962532653	1
chr18	10930000	10970000	0.40968403967203	1
chr18	10850000	11070000	0.0786938509774086	1
chr18	10940000	11050000	0.138625966744865	1
chr18	10850000	10890000	0.408649354426019	1
chr18	11100000	11140000	0.408639978947346	1
chr18	10565000	11155000	0.0462889400005276	1
chr18	10930000	11040000	0.137275996390601	1
chr18	10840000	11055000	0.0789315391525646	1
chr18	10985000	11025000	0.407283886276551	1
chr18	10945000	10995000	0.312032293986931	1
chr18	11055000	11105000	0.311946317728504	1
chr18	10840000	11130000	0.0639694861128131	1
chr18	11005000	11045000	0.406122450121638	1
chr18	10895000	10945000	0.310829227251963	1
chr18	10850000	11075000	0.0753722007624529	1
chr18	10800000	11130000	0.0590039642446302	1
chr18	10940000	11045000	0.141313264138605	1
chr18	10870000	10920000	0.309065302261641	1
chr18	10875000	11145000	0.0664032842643574	1
chr18	10900000	11035000	0.112370943266051	1
chr18	11060000	11100000	0.403975569735352	1
chr18	10830000	11155000	0.0582504412198184	1
chr18	10880000	10970000	0.162259562567896	1
chr18	10945000	11020000	0.195491398530311	1
chr18	10900000	11025000	0.118800136830161	1
chr18	10805000	11145000	0.0559163627089196	1
chr18	10850000	11125000	0.0644665353511989	1
chr18	10905000	10945000	0.401782065658432	1
chr18	10860000	10920000	0.248678115381198	1
chr18	10930000	11020000	0.161577581301669	1
chr18	11050000	11140000	0.161560803748084	1
chr18	10935000	10995000	0.248492727880031	1
chr18	10850000	10980000	0.113947642830086	1
chr18	10870000	11015000	0.103747524616402	1
chr18	11050000	11100000	0.305919874580646	1
chr18	10850000	10935000	0.170094211811621	1
chr18	10865000	11010000	0.103040016243802	1
chr18	10825000	11140000	0.0579674986931719	1
chr18	10870000	11150000	0.0625431439856557	1
chr18	10865000	11020000	0.0967868556103308	1
chr18	10885000	10945000	0.246094488791456	1
chr18	10840000	11060000	0.0731280255291364	1
chr18	10930000	11030000	0.1429307660503	1
chr18	10845000	11095000	0.0660324551276194	1
chr18	10830000	11125000	0.0590903181207007	1
chr18	10845000	11020000	0.0861633749497081	1
chr18	10550000	11150000	0.0416893085164693	1
chr18	10770000	11145000	0.0507693767068253	1
chr18	10835000	11075000	0.0674707479569055	1
chr18	10860000	11130000	0.0626120733988097	1
chr18	10855000	10940000	0.166908563479269	1
chr18	10560000	10680000	0.119576085809049	1
chr18	10875000	10905000	0.575292059366857	1
chr18	10790000	11145000	0.0517249205107445	1
chr18	10865000	10925000	0.242723278967429	1
chr18	10975000	11035000	0.242512470379877	1
chr18	10960000	10990000	0.573689439090579	1
chr18	10955000	11015000	0.241833569340799	1
chr18	10880000	10965000	0.164973460779419	1
chr18	10845000	10945000	0.139755810645338	1
chr18	10845000	11080000	0.0670411513260589	1
chr18	10990000	11020000	0.572761101527567	1
chr18	11055000	11140000	0.164118748638655	1
chr18	10550000	10700000	0.095490891335675	1
chr18	10820000	11155000	0.0526484025676043	1
chr18	10880000	11015000	0.104979327617829	1
chr18	10840000	11020000	0.0814466966778074	1
chr18	10855000	11010000	0.0923466338565018	1
chr18	10885000	10985000	0.138217305111118	1
chr18	10865000	10950000	0.163281284638083	1
chr18	10555000	10705000	0.0941308051644568	1
chr18	10805000	11140000	0.051673857995881	1
chr18	10890000	11025000	0.103678506161959	1
chr18	10840000	11095000	0.0617139725429239	1
chr18	10850000	11085000	0.0653018380999905	1
chr18	10940000	11035000	0.144104498399666	1
chr18	10845000	11070000	0.0674876390441664	1
chr18	10850000	11000000	0.0934213002304328	1
chr18	10985000	11015000	0.568409789522697	1
chr18	10835000	11070000	0.0649060690897605	1
chr18	10685000	10715000	0.568131507232622	1
chr18	11100000	11130000	0.568067129020961	1
chr18	10825000	11150000	0.0517782860665037	1
chr18	11105000	11135000	0.567643830323531	1
chr18	11040000	11140000	0.136141324508513	1
chr18	10795000	11130000	0.050923633309539	1
chr18	10875000	11005000	0.105843833745753	1
chr18	10860000	10930000	0.198975618096575	1
chr18	10785000	11140000	0.0489522466475462	1
chr18	10860000	10890000	0.567326528841742	1
chr18	10895000	11010000	0.118803232578559	1
chr18	10970000	11040000	0.198844306573769	1
chr18	10790000	10820000	0.567085508468117	1
chr18	10960000	11030000	0.198708389718986	1
chr18	10925000	10955000	0.566613397185004	1
chr18	10915000	10945000	0.56650775168958	1
chr18	10830000	11135000	0.0536882652217353	1
chr18	10850000	11130000	0.0570938508404308	1
chr18	10925000	10995000	0.19819228896907	1
chr18	11050000	11080000	0.566242041668934	1
chr18	10870000	10940000	0.198106053413813	1
chr18	10800000	11115000	0.0523512243482336	1
chr18	11085000	11115000	0.56596179108796	1
chr18	10835000	11055000	0.067360817643905	1
chr18	10795000	11150000	0.0483769435255212	1
chr18	10910000	11035000	0.108828125748415	1
chr18	10910000	11055000	0.0949732935839371	1
chr18	10945000	11045000	0.134761373705863	1
chr18	10845000	10925000	0.170337171521327	1
chr18	10855000	11065000	0.0693500264885956	1
chr18	10800000	10830000	0.565209007420448	1
chr18	10865000	10960000	0.141488897155783	1
chr18	10560000	10590000	0.564991002977197	1
chr18	10790000	11035000	0.0615344611566365	1
chr18	10850000	10955000	0.127918819652934	1
chr18	10885000	11135000	0.0602394159705579	1
chr18	10865000	11140000	0.0565550158634048	1
chr18	10840000	11110000	0.0572285437241139	1
chr18	11040000	11135000	0.140433560436641	1
chr18	10640000	10710000	0.195475413180499	1
chr18	10565000	10730000	0.0831582491487045	1
chr18	11055000	11085000	0.562801146082429	1
chr18	10860000	11105000	0.0605180362031146	1
chr18	10805000	11155000	0.0476220117087341	1
chr18	10795000	11140000	0.0479044129406812	1
chr18	10845000	10955000	0.120567378700146	1
chr18	11095000	11125000	0.561821993564413	1
chr18	10790000	11140000	0.0472542232816903	1
chr18	10845000	11085000	0.0608680753973014	1
chr18	10880000	11045000	0.0823272591763559	1
chr18	10840000	11125000	0.0541004526320264	1
chr18	10875000	11015000	0.0953499358062089	1
chr18	10920000	10950000	0.560422531800793	1
chr18	11050000	11130000	0.166216061551998	1
chr18	10900000	11005000	0.12437270132372	1
chr18	10850000	11095000	0.0589186408207771	1
chr18	10940000	11020000	0.165695248425304	1
chr18	10835000	11050000	0.0651687291765404	1
chr18	10570000	10660000	0.145511719473497	1
chr18	10950000	11045000	0.137290705741251	1
chr18	10960000	11040000	0.165383617249057	1
chr18	10870000	11010000	0.0939926585136717	1
