chr1	206900000	206960000	0.411612553593203	1
chr1	206900000	206965000	0.565866275032555	1
chr1	206900000	206970000	0.562626717444175	1
chr1	206900000	206975000	0.80513727521177	1
chr1	206900000	206980000	0.998171919577444	1
chr1	206900000	206985000	0.800371575662528	1
chr1	206900000	206990000	0.312726698324339	1
chr1	206900000	206995000	0.244443949792402	1
chr1	206900000	207000000	0.301842455135551	1
chr1	206900000	207075000	0.243617604657215	1
chr1	206900000	207080000	0.40686236688033	1
chr1	206900000	207085000	0.40587668102876	1
chr1	206900000	207090000	0.243204493266173	1
chr1	206900000	207145000	0.134761373705863	1
chr1	206900000	207150000	0.197664715160297	1
chr1	206900000	207155000	0.198204751953052	1
chr1	206905000	206935000	0.796175672908278	1
chr1	206905000	206945000	0.800389797929316	1
chr1	206905000	206950000	0.795589375184266	1
chr1	206905000	206955000	0.574351566216927	1
chr1	206905000	206960000	0.797782231417145	1
chr1	206905000	206965000	0.801112689807622	1
chr1	206905000	206970000	0.801194391855083	1
chr1	206905000	206975000	0.998364153497661	1
chr1	206905000	206980000	0.99999999999983	1
chr1	206905000	206985000	0.573228533802235	1
chr1	206905000	206990000	0.567773541687503	1
chr1	206905000	207075000	0.19819228896907	1
chr1	206905000	207080000	0.311762844749448	1
chr1	206905000	207085000	0.40593453219298	1
chr1	206905000	207090000	0.30860745874059	1
chr1	206905000	207150000	0.194840400319425	1
chr1	206905000	207155000	0.240904764518102	1
chr1	206910000	206930000	0.998737865000052	1
chr1	206910000	206935000	0.998265390029491	1
chr1	206910000	206940000	0.998520945567758	1
chr1	206910000	206945000	0.997842704974395	1
chr1	206910000	206950000	0.80757343892994	1
chr1	206910000	206955000	0.99755761783125	1
chr1	206910000	206960000	0.998099093783664	1
chr1	206910000	206965000	0.997871605280675	1
chr1	206910000	206970000	0.998169641529027	1
chr1	206910000	206975000	0.998811865851325	1
chr1	206910000	206980000	0.998360986687803	1
chr1	206910000	206985000	0.574157245593916	1
chr1	206910000	206990000	0.403338996405402	1
chr1	206910000	207075000	0.192125077294544	1
chr1	206910000	207080000	0.236856348505179	1
chr1	206910000	207085000	0.242723278967429	1
chr1	206910000	207090000	0.202860307743136	1
chr1	206910000	207095000	0.165695248425304	1
chr1	206910000	207100000	0.140893680031632	1
chr1	206910000	207150000	0.141274143079627	1
chr1	206915000	206935000	0.99999999999983	1
chr1	206915000	206940000	0.99826540849339	1
chr1	206915000	206945000	0.998103351151209	1
chr1	206915000	206950000	0.998221752503769	1
chr1	206915000	206955000	0.796827350384263	1
chr1	206915000	206960000	0.797083671717841	1
chr1	206915000	206965000	0.409682234931967	1
chr1	206915000	206970000	0.794447941885249	1
chr1	206915000	206975000	0.560321576282728	1
chr1	206915000	206980000	0.413790905588835	1
chr1	206915000	206985000	0.411486492683187	1
chr1	206920000	206940000	0.99999999999983	1
chr1	206920000	206945000	0.99827256306595	1
chr1	206920000	206950000	0.998071602970379	1
chr1	206920000	206960000	0.567795780403067	1
chr1	206920000	206965000	0.563790506131821	1
chr1	206920000	206970000	0.567174478672211	1
chr1	206920000	206975000	0.56036423570498	1
chr1	206920000	206980000	0.420509892672256	1
chr1	206925000	206965000	0.569502747859083	1
chr1	206925000	206970000	0.567891635208514	1
chr1	206925000	206975000	0.406422262198701	1
chr1	206930000	206950000	0.998073890680245	1
chr1	206930000	206960000	0.799355719030163	1
chr1	206930000	206970000	0.566375727143432	1
chr1	206930000	206980000	0.404700247567294	1
chr1	206935000	206955000	0.997880022610844	1
chr1	206935000	206970000	0.799945270599387	1
chr1	206940000	206960000	0.99999999999983	1
chr1	206940000	206965000	0.998601036078431	1
chr1	206940000	206970000	0.99852985209337	1
chr1	206940000	206975000	0.998995698988516	1
chr1	206940000	206980000	0.567085508468117	1
chr1	206945000	206965000	0.99869291183064	1
chr1	206945000	206970000	0.998905881391126	1
chr1	206945000	206975000	0.997527490524233	1
chr1	206945000	206980000	0.799224070389148	1
chr1	206950000	206970000	0.998564069789374	1
chr1	206950000	206975000	0.998123891381292	1
chr1	206955000	206975000	0.99999999999983	1
chr1	206980000	207075000	0.244641771604172	1
chr1	206980000	207085000	0.315717659411629	1
chr1	206980000	207090000	0.202957426960514	1
chr1	206980000	207150000	0.195265001154025	1
chr1	206980000	207155000	0.164764017250741	1
chr1	206985000	207080000	0.308176484789264	1
chr1	206985000	207085000	0.240372178914229	1
chr1	206985000	207155000	0.200326311721837	1
chr1	206995000	207015000	0.998033856961408	1
chr1	207005000	207025000	0.998347728893153	1
chr1	207005000	207045000	0.556198048408719	1
chr1	207020000	207060000	0.561229612710383	1
chr1	207020000	207070000	0.412067396650367	1
chr1	207025000	207055000	0.800560892246373	1
chr1	207030000	207155000	0.19773056408942	1
chr1	207035000	207150000	0.2422222305939	1
chr1	207040000	207155000	0.242407293689885	1
chr1	207045000	207065000	0.998503076681963	1
chr1	207050000	207070000	0.998214012781756	1
chr1	207080000	207150000	0.410859607252597	1
chr1	207085000	207105000	0.998449595794474	1
chr1	207085000	207145000	0.409903917520692	1
chr1	207085000	207150000	0.57191757854427	1
chr1	207085000	207155000	0.413769993617841	1
chr1	207090000	207140000	0.409064727407668	1
chr1	207090000	207150000	0.417443086726252	1
chr1	207095000	207145000	0.403741977530298	1
chr1	207100000	207140000	0.566613397185004	1
chr1	207100000	207150000	0.410656895564464	1
chr1	207105000	207125000	0.998510020580706	1
chr1	207105000	207135000	0.798766852678389	1
chr1	207105000	207140000	0.799733336809504	1
chr1	207105000	207145000	0.798866068731098	1
chr1	207105000	207150000	0.558576553439388	1
chr1	207105000	207155000	0.55990878271158	1
chr1	207110000	207130000	0.99866157351376	1
chr1	207110000	207135000	0.998245263369484	1
chr1	207110000	207140000	0.807002963515108	1
chr1	207110000	207145000	0.802550397279335	1
chr1	207110000	207150000	0.800510259386783	1
chr1	207110000	207155000	0.562200786674241	1
chr1	207115000	207135000	0.99999999999983	1
chr1	207115000	207140000	0.998196857663657	1
chr1	207115000	207145000	0.997698111854611	1
chr1	207120000	207140000	0.998396090312473	1
chr1	207120000	207145000	0.997925086333926	1
chr1	207120000	207150000	0.800939056359742	1
chr1	207125000	207145000	0.998361050720737	1
chr1	207130000	207150000	0.998345365507844	1
chr1	207185000	207205000	0.998079165337059	1
chr1	207220000	207670000	0.104161252020668	1
chr1	207225000	207245000	0.998589503039498	1
chr1	207235000	207670000	0.109056635565173	1
chr1	207235000	207675000	0.117274408649721	1
chr1	207240000	207580000	0.10449202944499	1
chr1	207245000	207575000	0.122668034353159	1
chr1	207245000	207665000	0.105140435719826	1
chr1	207245000	207670000	0.141799187629777	1
chr1	207250000	207570000	0.241112768721156	1
chr1	207250000	207575000	0.198106053413813	1
chr1	207250000	207580000	0.202596764854444	1
chr1	207250000	207665000	0.102935577694889	1
chr1	207250000	207670000	0.241286264759024	1
chr1	207250000	207675000	0.163100957604478	1
chr1	207250000	207680000	0.122383411579037	1
chr1	207255000	207570000	0.239294963748704	1
chr1	207255000	207575000	0.318675503289534	1
chr1	207255000	207580000	0.411538512139765	1
chr1	207255000	207590000	0.140487675293073	1
chr1	207255000	207665000	0.106868463190283	1
chr1	207255000	207670000	0.795411890237789	1
chr1	207255000	207675000	0.200936481089767	1
chr1	207255000	207680000	0.136209430365486	1
chr1	207260000	207565000	0.137759908338951	1
chr1	207260000	207570000	0.239987040842205	1
chr1	207260000	207575000	0.242939658926636	1
chr1	207260000	207580000	0.164388688358551	1
chr1	207260000	207660000	0.108659923262241	1
chr1	207260000	207665000	0.198290357049683	1
chr1	207260000	207670000	0.313412856566615	1
chr1	207260000	207675000	0.197581772937789	1
chr1	207260000	207685000	0.122819698533019	1
chr1	207265000	207575000	0.139755810645338	1
chr1	207265000	207580000	0.123828079823912	1
chr1	207265000	207670000	0.170094211811621	1
chr1	207270000	207575000	0.138210284246401	1
chr1	207270000	207670000	0.121207174432394	1
chr1	207405000	207455000	0.405315643762562	1
chr1	207485000	207575000	0.304048066567687	1
chr1	207495000	207575000	0.303388358201563	1
chr1	207505000	207575000	0.4057967817806	1
chr1	207505000	207585000	0.312187800133526	1
chr1	207510000	207530000	0.9980395889885	1
chr1	207510000	207585000	0.308190062653253	1
chr1	207515000	207535000	0.997964707959266	1
chr1	207515000	207565000	0.406627161086206	1
chr1	207530000	207550000	0.998331258315928	1
chr1	207535000	207555000	0.998135917201992	1
chr1	207540000	207560000	0.998328839116465	1
chr1	207575000	207665000	0.306256321564856	1
chr1	207575000	207670000	0.564560260535643	1
chr1	207580000	207625000	0.567326528841742	1
chr1	207580000	207670000	0.312032293986931	1
chr1	207585000	207605000	0.998502790413295	1
chr1	207585000	207615000	0.800176358665426	1
chr1	207585000	207625000	0.570055464420404	1
chr1	207585000	207665000	0.414530825390177	1
chr1	207585000	207670000	0.311306979111197	1
chr1	207590000	207610000	0.997890048221014	1
chr1	207590000	207625000	0.799461261246904	1
chr1	207590000	207670000	0.316828707110876	1
chr1	207600000	207620000	0.997918523952116	1
chr1	207605000	207625000	0.998196318652586	1
chr1	207625000	207665000	0.567802686518376	1
chr1	207630000	207650000	0.997907928596911	1
chr1	207630000	207660000	0.800227191545072	1
chr1	207640000	207660000	0.998633160478398	1
chr1	207645000	207665000	0.997711007346293	1
chr1	206905000	206940000	0.576817890788781	1
chr1	206900000	206955000	0.412660961620664	1
chr1	206930000	206985000	0.407588749822204	1
chr1	207085000	207140000	0.408248005786922	1
chr1	207090000	207145000	0.413678637121642	1
chr1	207095000	207150000	0.415539173248167	1
chr1	207290000	207345000	0.407602460164797	1
chr1	206920000	206985000	0.308519408146853	1
chr1	206990000	207055000	0.310767474707611	1
chr1	207090000	207155000	0.310829227251963	1
chr1	206910000	206995000	0.242870698604019	1
chr1	206995000	207080000	0.242752376227663	1
chr1	207495000	207580000	0.2442822467212	1
chr1	207580000	207665000	0.242497335008183	1
chr1	206975000	207085000	0.201583173645311	1
chr1	206905000	207105000	0.135475476186978	1
chr1	207265000	207570000	0.119619402382734	1
chr1	207260000	207585000	0.120623143435657	1
chr1	207245000	207680000	0.104979217119634	1
chr1	206920000	206955000	0.571298576555975	1
chr1	206925000	206960000	0.570769437995471	1
chr1	206930000	206965000	0.573070146861048	1
chr1	207515000	207550000	0.56973395676513	1
chr1	207630000	207665000	0.572272051785449	1
chr1	206905000	206995000	0.244398542880559	1
chr1	207270000	207570000	0.118540738557468	1
chr1	207240000	207670000	0.093186672274244	1
chr1	206900000	207105000	0.140067421105168	1
chr1	207100000	207135000	0.568023985620251	1
chr1	207040000	207150000	0.199809789638158	1
chr1	207255000	207695000	0.0904482047194723	1
chr1	207255000	207565000	0.0955755954438394	1
chr1	207635000	207660000	0.804331875247387	1
chr1	206925000	206950000	0.803139805834516	1
chr1	206935000	206960000	0.802643244763989	1
chr1	206990000	207015000	0.802493431600368	1
chr1	207105000	207130000	0.801480099930608	1
chr1	207125000	207150000	0.801614017339423	1
chr1	207510000	207535000	0.802092730027926	1
chr1	207540000	207565000	0.802334982894477	1
chr1	207600000	207625000	0.801596353911959	1
chr1	207530000	207565000	0.563546770219857	1
chr1	207585000	207620000	0.563859708128392	1
chr1	207255000	207660000	0.0926777289061611	1
chr1	207225000	207250000	0.800839544960768	1
chr1	207585000	207610000	0.80062117357342	1
chr1	207115000	207150000	0.563085680425912	1
chr1	207595000	207620000	0.799975434107916	1
chr1	207625000	207660000	0.562086047928196	1
chr1	206930000	206955000	0.798957350253693	1
chr1	206995000	207020000	0.799253660748957	1
chr1	207000000	207025000	0.798371178253215	1
chr1	207050000	207075000	0.798509282072443	1
chr1	207515000	207540000	0.799501844460331	1
chr1	207590000	207615000	0.799250503367681	1
chr1	207030000	207065000	0.561821993564413	1
chr1	207250000	207695000	0.0828699027105603	1
chr1	207530000	207555000	0.797698156924038	1
chr1	207635000	207670000	0.560438478194774	1
chr1	207630000	207655000	0.797627383232618	1
chr1	207510000	207545000	0.55914190255235	1
chr1	207260000	207680000	0.0864954860612971	1
chr1	207500000	207525000	0.797039591769217	1
chr1	207190000	207215000	0.796706388816014	1
chr1	207535000	207560000	0.796622853432075	1
chr1	207265000	207665000	0.0890910547931685	1
chr1	206935000	206980000	0.419423862965918	1
chr1	206900000	207095000	0.12309761771484	1
chr1	206905000	207140000	0.10777433925302	1
chr1	207640000	207665000	0.795785766239195	1
chr1	206910000	207155000	0.108245250885223	1
chr1	207585000	207630000	0.418446835377573	1
chr1	207255000	207690000	0.0797914396757424	1
chr1	207035000	207060000	0.795232164221443	1
chr1	207505000	207530000	0.79524275518032	1
chr1	206980000	207080000	0.20086336334073	1
chr1	207005000	207030000	0.794832033652425	1
chr1	207620000	207645000	0.793600854386656	1
chr1	207005000	207065000	0.307439961131276	1
chr1	207275000	207670000	0.0827904401010694	1
chr1	207245000	207675000	0.0780028501075624	1
chr1	207505000	207580000	0.248487536040937	1
chr1	206905000	207145000	0.106301118767972	1
chr1	207030000	207150000	0.168511751655153	1
chr1	206900000	207060000	0.136748215469129	1
chr1	207500000	207670000	0.127462970540908	1
chr1	207005000	207050000	0.413682784277204	1
chr1	207100000	207145000	0.413543955909264	1
chr1	207095000	207140000	0.413396742495794	1
chr1	206905000	207110000	0.114325687396603	1
chr1	207615000	207660000	0.412467176219199	1
chr1	206925000	207080000	0.137777374151876	1
chr1	206930000	206975000	0.40968403967203	1
chr1	207035000	207080000	0.409901962532653	1
chr1	206995000	207055000	0.299343719551412	1
chr1	207080000	207155000	0.242669072320009	1
chr1	207590000	207665000	0.241011786201499	1
chr1	207265000	207680000	0.0760312678546714	1
chr1	207030000	207075000	0.406552257751746	1
chr1	207250000	207690000	0.0741461231191347	1
chr1	207500000	207575000	0.239957178960624	1
chr1	206905000	207000000	0.196295723154736	1
chr1	207245000	207580000	0.0828484546945804	1
chr1	207260000	207690000	0.0742500817810841	1
chr1	207265000	207675000	0.0751144322194989	1
chr1	207570000	207665000	0.195429519048323	1
chr1	207245000	207685000	0.072390901445183	1
chr1	207265000	207585000	0.0820854441977776	1
chr1	207225000	207660000	0.0724236717385648	1
chr1	207005000	207155000	0.135224549932042	1
chr1	207245000	207690000	0.0716194719386898	1
chr1	207240000	207675000	0.0720144038788372	1
chr1	206905000	207020000	0.165383617249057	1
chr1	206900000	207160000	0.0919461947502363	1
chr1	207275000	207565000	0.0871134666951342	1
chr1	206915000	207085000	0.121503217073406	1
chr1	207280000	207675000	0.0748802009407064	1
chr1	207250000	207660000	0.0730253166988054	1
chr1	207285000	207675000	0.0751434244407958	1
chr1	207020000	207155000	0.139944653564311	1
chr1	207255000	207650000	0.0719955424679464	1
chr1	206990000	207155000	0.119365294326263	1
chr1	206905000	207095000	0.108391514529632	1
chr1	206985000	207150000	0.118396633316023	1
chr1	206970000	207080000	0.163957080089454	1
chr1	207000000	207165000	0.117480718632726	1
chr1	207255000	207635000	0.0702289847079281	1
chr1	207245000	207570000	0.0768190180583653	1
chr1	207500000	207570000	0.245002541887266	1
chr1	207025000	207155000	0.139708457752027	1
chr1	206900000	207030000	0.13947213350682	1
chr1	206900000	207100000	0.102411807427203	1
chr1	207510000	207580000	0.244051955718856	1
chr1	207010000	207080000	0.243346950792549	1
chr1	207395000	207565000	0.113947642830086	1
chr1	207600000	207670000	0.242645815575046	1
chr1	207100000	207155000	0.309202080783824	1
chr1	207045000	207150000	0.165216843971522	1
chr1	206925000	206980000	0.309036065082815	1
chr1	207015000	207070000	0.309065302261641	1
chr1	206975000	207080000	0.164378476571083	1
chr1	207220000	207680000	0.0627785458744477	1
chr1	206965000	207095000	0.137275996390601	1
chr1	207225000	207690000	0.0629292253844144	1
chr1	206930000	207085000	0.120201073215963	1
chr1	207515000	207570000	0.307568046096328	1
chr1	206900000	207005000	0.16389566149452	1
chr1	206985000	207160000	0.108232171521689	1
chr1	207050000	207155000	0.162805892211211	1
chr1	207040000	207145000	0.16276695566984	1
chr1	207490000	207575000	0.195693319120255	1
chr1	207500000	207585000	0.195005106245112	1
chr1	207240000	207685000	0.0615022795570763	1
chr1	207025000	207080000	0.301848280156779	1
chr1	207255000	207560000	0.0734417975294937	1
chr1	206985000	207090000	0.159560110507576	1
chr1	207230000	207580000	0.0674368953479407	1
chr1	207290000	207685000	0.0635184978501937	1
chr1	207575000	207660000	0.191268038046154	1
chr1	207035000	207155000	0.140516335717555	1
chr1	206980000	207100000	0.140433560436641	1
chr1	207240000	207680000	0.0605180362031146	1
chr1	207280000	207670000	0.0628037565043153	1
chr1	207510000	207575000	0.24818050962488	1
chr1	206905000	207100000	0.0945265014988184	1
chr1	207600000	207665000	0.248020180112991	1
chr1	207260000	207590000	0.0679574039931119	1
chr1	207230000	207670000	0.0586032222615768	1
chr1	206900000	207065000	0.10575162476612	1
chr1	207240000	207570000	0.0669908587538579	1
chr1	206900000	207070000	0.103497046501614	1
chr1	206975000	207075000	0.160703866057711	1
chr1	206985000	207145000	0.107994229409257	1
chr1	206915000	207080000	0.104777731060783	1
chr1	206915000	206995000	0.197912076255871	1
chr1	207235000	207580000	0.0639482309839755	1
chr1	207240000	207575000	0.0648527568060042	1
chr1	206910000	207005000	0.167335543265671	1
chr1	207490000	207570000	0.197230695295009	1
chr1	207505000	207570000	0.243670692057397	1
chr1	206900000	207015000	0.140369934958278	1
chr1	207270000	207580000	0.0672925628789319	1
chr1	207270000	207675000	0.0589186408207771	1
chr1	207500000	207580000	0.196385285884273	1
chr1	206905000	207045000	0.118590813426758	1
chr1	207080000	207160000	0.196030362908483	1
chr1	207015000	207155000	0.11845416662273	1
chr1	207225000	207675000	0.0554515656500971	1
chr1	207080000	207145000	0.242127161839033	1
chr1	207240000	207660000	0.0575092147028058	1
chr1	207230000	207665000	0.0565550158634048	1
chr1	207250000	207560000	0.0664506073768924	1
chr1	206965000	207080000	0.138625966744865	1
chr1	207270000	207565000	0.0686389702582456	1
chr1	206905000	207065000	0.104887127437661	1
chr1	207035000	207075000	0.417510696487849	1
chr1	207265000	207565000	0.0670411513260589	1
chr1	206900000	207110000	0.0841064034202979	1
chr1	207590000	207655000	0.239525181021858	1
chr1	207225000	207670000	0.0543582813061869	1
chr1	206975000	207090000	0.137081330875798	1
chr1	206990000	207085000	0.16306483501154	1
chr1	206935000	206975000	0.4152117979595	1
chr1	207115000	207155000	0.414886700921714	1
chr1	207265000	207590000	0.0633127433202041	1
chr1	207275000	207560000	0.0688997274048783	1
chr1	207275000	207570000	0.0669142578272073	1
chr1	207230000	207585000	0.0596684045674895	1
chr1	207590000	207630000	0.413825602446048	1
chr1	207580000	207620000	0.413468375199618	1
chr1	207235000	207665000	0.0548742269934286	1
chr1	207270000	207665000	0.0565224816888273	1
chr1	207260000	207695000	0.0541409919874148	1
chr1	207585000	207660000	0.203583882607028	1
chr1	207520000	207560000	0.412175560562042	1
chr1	207305000	207555000	0.0728496386176937	1
chr1	206990000	207080000	0.169054785527067	1
chr1	207025000	207065000	0.411458291788051	1
chr1	207265000	207595000	0.0614074041536093	1
chr1	206900000	206940000	0.410731331305225	1
chr1	207270000	207595000	0.0615099313948117	1
chr1	207035000	207145000	0.139429108518798	1
chr1	207000000	207050000	0.314821816788672	1
chr1	206935000	207085000	0.105954266781106	1
chr1	207270000	207685000	0.0545126905876617	1
chr1	207060000	207150000	0.16722935826282	1
chr1	207510000	207550000	0.40924782663954	1
chr1	207235000	207680000	0.0517782860665037	1
chr1	207620000	207660000	0.408649354426019	1
chr1	207235000	207570000	0.0594315748982343	1
chr1	207270000	207485000	0.0792259465880792	1
chr1	207260000	207495000	0.0739123681327352	1
chr1	207615000	207665000	0.312365347782333	1
chr1	207310000	207350000	0.407283886276551	1
chr1	206910000	207000000	0.165686576069331	1
chr1	206905000	207055000	0.104630160799406	1
chr1	207245000	207660000	0.0535974606631069	1
chr1	207065000	207155000	0.16550227276994	1
chr1	207255000	207540000	0.0653466618153892	1
chr1	207000000	207075000	0.19930453087126	1
chr1	207270000	207660000	0.0539954016731184	1
chr1	207610000	207660000	0.311220014085825	1
chr1	207630000	207670000	0.405344990203393	1
chr1	207465000	207570000	0.141313264138605	1
chr1	207325000	207550000	0.0751054545674299	1
chr1	207475000	207550000	0.197815889120497	1
chr1	206925000	207075000	0.103278760887489	1
chr1	207495000	207585000	0.163952440388711	1
chr1	207290000	207695000	0.0526484025676043	1
chr1	207315000	207570000	0.0685037735032555	1
chr1	207530000	207570000	0.403981348259232	1
chr1	207025000	207075000	0.308800821934878	1
chr1	207080000	207130000	0.30853861822798	1
chr1	207255000	207645000	0.0528220371484408	1
chr1	207075000	207150000	0.195824332887153	1
chr1	207250000	207565000	0.0592723707306691	1
chr1	206980000	207160000	0.0873451269654232	1
chr1	207010000	207060000	0.307546244594106	1
chr1	207255000	207480000	0.0737815070087399	1
chr1	207485000	207570000	0.17170915953823	1
chr1	207320000	207445000	0.118911777521532	1
chr1	207310000	207455000	0.10442763181553	1
chr1	207520000	207570000	0.307160369244916	1
chr1	207235000	207685000	0.0483158017969734	1
chr1	206995000	207155000	0.0952627224009866	1
chr1	207255000	207685000	0.0499666092981057	1
chr1	206940000	207085000	0.10364887547043	1
chr1	207255000	207595000	0.0554182899387998	1
chr1	206935000	207080000	0.103576255951796	1
chr1	207265000	207490000	0.0729339647238801	1
chr1	207210000	207680000	0.0469092566176321	1
chr1	207270000	207625000	0.0539296295359746	1
chr1	206955000	207100000	0.103246327485896	1
chr1	207040000	207160000	0.122499782423983	1
chr1	207255000	207600000	0.0546617252889454	1
chr1	206985000	207070000	0.169829077038182	1
chr1	207585000	207635000	0.304721407263064	1
chr1	206975000	207155000	0.0854748736673936	1
chr1	207080000	207140000	0.246418235556866	1
chr1	207015000	207065000	0.304137381308351	1
chr1	206900000	207055000	0.0967001632852983	1
chr1	207420000	207545000	0.116812245650637	1
chr1	206975000	207095000	0.12159137884834	1
chr1	207280000	207435000	0.0964848885590769	1
chr1	206900000	207125000	0.071854498311562	1
chr1	207480000	207530000	0.303442271417805	1
chr1	207095000	207155000	0.245724062033176	1
chr1	207280000	207570000	0.060454027469515	1
chr1	207000000	207060000	0.245652146557927	1
chr1	207050000	207170000	0.120958595692165	1
chr1	206900000	207130000	0.0702972588250218	1
chr1	207000000	207160000	0.0931743140000525	1
chr1	207265000	207650000	0.0507531020632925	1
chr1	207285000	207575000	0.0601707946232579	1
chr1	207570000	207670000	0.142557190316479	1
chr1	206970000	207090000	0.12023797965851	1
chr1	206900000	207115000	0.0733640435453381	1
chr1	207355000	207570000	0.0733139216896088	1
chr1	207000000	207030000	0.576080036964709	1
chr1	207005000	207145000	0.104013589123738	1
chr1	206990000	207050000	0.243848557468628	1
chr1	207235000	207575000	0.0534301811784014	1
chr1	207265000	207685000	0.0482726238752655	1
chr1	207250000	207585000	0.0539955732063527	1
chr1	206905000	207005000	0.141095165795412	1
chr1	206905000	207070000	0.0893955317778874	1
chr1	207260000	207560000	0.0573891019449556	1
chr1	206920000	207160000	0.0665453106364253	1
chr1	207255000	207585000	0.0540363256921103	1
chr1	207045000	207075000	0.573689439090579	1
chr1	207260000	207600000	0.0525904263889516	1
chr1	207270000	207560000	0.0586231287710877	1
chr1	206915000	207045000	0.109434234046738	1
chr1	207635000	207665000	0.573494283478545	1
chr1	206915000	207145000	0.0682873905890403	1
chr1	207275000	207665000	0.0489846087724619	1
chr1	206925000	206985000	0.241322173062675	1
chr1	206925000	206955000	0.572761101527567	1
chr1	206950000	206980000	0.57252738259632	1
chr1	207215000	207580000	0.0500251847351115	1
chr1	206920000	206990000	0.202589744162094	1
chr1	207220000	207250000	0.571875900807651	1
chr1	206990000	207075000	0.163883455331381	1
chr1	207590000	207620000	0.57158575953572	1
chr1	207355000	207440000	0.163688484228508	1
chr1	207495000	207675000	0.081439485266714	1
chr1	207255000	207630000	0.0488555046463008	1
chr1	206910000	207070000	0.0896247588837911	1
chr1	207020000	207050000	0.570793766500472	1
chr1	207260000	207510000	0.0629461885715345	1
chr1	207520000	207550000	0.570117267584452	1
chr1	206915000	207090000	0.0828951007687664	1
chr1	206965000	207100000	0.103988656807028	1
chr1	207280000	207555000	0.0590801325554542	1
chr1	207265000	207600000	0.0517249205107445	1
chr1	207530000	207560000	0.569420527634376	1
chr1	207030000	207060000	0.569206780129147	1
chr1	207285000	207560000	0.0588411672051972	1
chr1	206915000	207110000	0.0750931111648025	1
chr1	207100000	207130000	0.567456516757297	1
chr1	207490000	207560000	0.198975618096575	1
chr1	207595000	207625000	0.567359687778466	1
chr1	207485000	207555000	0.198844306573769	1
chr1	207220000	207665000	0.0436074630788644	1
chr1	207250000	207685000	0.0442772289403224	1
chr1	206995000	207150000	0.0899090211545682	1
chr1	207495000	207590000	0.142492865136642	1
chr1	207125000	207155000	0.566242041668934	1
chr1	206995000	207065000	0.198094298679613	1
chr1	207350000	207550000	0.0726052773465274	1
chr1	207515000	207545000	0.565823241869092	1
