chr4	185180000	185455000	0.166473826682475	1
chr4	185180000	185465000	0.138252252117784	1
chr4	185185000	185235000	0.414880927926877	1
chr4	185185000	185265000	0.403981348259232	1
chr4	185185000	185270000	0.411714361305587	1
chr4	185185000	185305000	0.197451660234622	1
chr4	185185000	185395000	0.196769479234071	1
chr4	185185000	185435000	0.134761373705863	1
chr4	185185000	185455000	0.308748211793192	1
chr4	185185000	185460000	0.136748215469129	1
chr4	185190000	185230000	0.565109795540571	1
chr4	185190000	185235000	0.571176367947615	1
chr4	185190000	185455000	0.140737680254674	1
chr4	185195000	185270000	0.309090566690803	1
chr4	185195000	185390000	0.168962107090138	1
chr4	185195000	185450000	0.124344753417546	1
chr4	185200000	185230000	0.800549894988517	1
chr4	185200000	185235000	0.800560892246373	1
chr4	185200000	185240000	0.567174478672211	1
chr4	185200000	185245000	0.797331159014423	1
chr4	185200000	185250000	0.568023985620251	1
chr4	185200000	185265000	0.570378584442759	1
chr4	185200000	185270000	0.417443086726252	1
chr4	185200000	185340000	0.196030362908483	1
chr4	185200000	185390000	0.202369107193164	1
chr4	185200000	185395000	0.163796158914125	1
chr4	185200000	185450000	0.122138020358059	1
chr4	185200000	185455000	0.300368987080271	1
chr4	185205000	185225000	0.998704925299427	1
chr4	185205000	185230000	0.998905881391126	1
chr4	185205000	185235000	0.998106195788791	1
chr4	185205000	185240000	0.998214012781756	1
chr4	185205000	185245000	0.801194391855083	1
chr4	185205000	185250000	0.797698156924038	1
chr4	185205000	185255000	0.411280413121912	1
chr4	185205000	185265000	0.569427507706512	1
chr4	185205000	185270000	0.570307668998174	1
chr4	185205000	185455000	0.171496747523177	1
chr4	185210000	185230000	0.99999999999983	1
chr4	185210000	185235000	0.998328839116465	1
chr4	185210000	185240000	0.794980069771461	1
chr4	185210000	185250000	0.563495887798368	1
chr4	185210000	185270000	0.409901962532653	1
chr4	185230000	185250000	0.99795319549942	1
chr4	185230000	185455000	0.140067421105168	1
chr4	185235000	185255000	0.998005746423071	1
chr4	185235000	185265000	0.998443768441492	1
chr4	185235000	185270000	0.997925086333926	1
chr4	185240000	185260000	0.998345365507844	1
chr4	185240000	185265000	0.99826540849339	1
chr4	185240000	185270000	0.80499729492486	1
chr4	185245000	185265000	0.998473822055653	1
chr4	185245000	185270000	0.997968388439773	1
chr4	185250000	185270000	0.998503076681963	1
chr4	185270000	185300000	0.795489516681574	1
chr4	185270000	185390000	0.240058787032828	1
chr4	185275000	185295000	0.998737865000052	1
chr4	185275000	185300000	0.998209584767306	1
chr4	185275000	185305000	0.799253660748957	1
chr4	185275000	185315000	0.560660941068558	1
chr4	185280000	185300000	0.998453034835026	1
chr4	185310000	185330000	0.997842704974395	1
chr4	185315000	185335000	0.998418253600308	1
chr4	185335000	185385000	0.411446843731659	1
chr4	185335000	185455000	0.251791513408737	1
chr4	185340000	185360000	0.997929350015282	1
chr4	185340000	185390000	0.409695150928356	1
chr4	185345000	185365000	0.998347728893153	1
chr4	185345000	185380000	0.798571526707803	1
chr4	185345000	185385000	0.567891635208514	1
chr4	185350000	185370000	0.998318147304262	1
chr4	185350000	185390000	0.565268138138942	1
chr4	185355000	185385000	0.7934861930461	1
chr4	185365000	185385000	0.997880022610844	1
chr4	185370000	185390000	0.998633160478398	1
chr4	185390000	185455000	0.566242041668934	1
chr4	185395000	185425000	0.799501844460331	1
chr4	185395000	185430000	0.998073890680245	1
chr4	185395000	185435000	0.794832033652425	1
chr4	185395000	185450000	0.569430482952667	1
chr4	185395000	185455000	0.798418781327108	1
chr4	185400000	185420000	0.998725802805063	1
chr4	185400000	185425000	0.998492427843995	1
chr4	185400000	185430000	0.802325291618609	1
chr4	185400000	185435000	0.796175672908278	1
chr4	185400000	185440000	0.572761101527567	1
chr4	185400000	185445000	0.562086047928196	1
chr4	185400000	185450000	0.570787010970432	1
chr4	185405000	185425000	0.998449595794474	1
chr4	185405000	185430000	0.9980395889885	1
chr4	185405000	185435000	0.801112689807622	1
chr4	185405000	185445000	0.563859708128392	1
chr4	185405000	185450000	0.565663152082601	1
chr4	185410000	185430000	0.998316839446299	1
chr4	185430000	185450000	0.998139982799451	1
chr4	185435000	185455000	0.997918523952116	1
chr4	185465000	185485000	0.997730115812348	1
chr4	185505000	185525000	0.99755761783125	1
chr4	185210000	185245000	0.576052201369539	1
chr4	185230000	185265000	0.573750292565385	1
chr4	185210000	185265000	0.406416786076578	1
chr4	185185000	185250000	0.299343719551412	1
chr4	185195000	185260000	0.306030953379063	1
chr4	185195000	185265000	0.313412856566615	1
chr4	185235000	185305000	0.310110248315634	1
chr4	185320000	185390000	0.313066850060401	1
chr4	185185000	185335000	0.163717224968347	1
chr4	185210000	185455000	0.119576085809049	1
chr4	185270000	185305000	0.570055464420404	1
chr4	185415000	185450000	0.57078235165551	1
chr4	185250000	185390000	0.164570811677401	1
chr4	185270000	185455000	0.143979674674302	1
chr4	185185000	185390000	0.140655556972809	1
chr4	185180000	185450000	0.119939678341561	1
chr4	185205000	185390000	0.137275996390601	1
chr4	185190000	185450000	0.11901794753885	1
chr4	185195000	185455000	0.118719106456256	1
chr4	185235000	185260000	0.806210037766824	1
chr4	185275000	185310000	0.567456516757297	1
chr4	185355000	185390000	0.56650775168958	1
chr4	185180000	185460000	0.105843833745753	1
chr4	185190000	185270000	0.243967527829485	1
chr4	185205000	185340000	0.165921283342807	1
chr4	185340000	185365000	0.802954697519727	1
chr4	185365000	185390000	0.802149665299979	1
chr4	185425000	185450000	0.801424084714102	1
chr4	185405000	185440000	0.565209007420448	1
chr4	185180000	185390000	0.126489238825758	1
chr4	185360000	185385000	0.800528815544018	1
chr4	185410000	185445000	0.56264960950746	1
chr4	185510000	185535000	0.800109895534844	1
chr4	185570000	185595000	0.799955997938083	1
chr4	185270000	185295000	0.79926818112779	1
chr4	185280000	185305000	0.798903337884659	1
chr4	185310000	185335000	0.798866068731098	1
chr4	185345000	185370000	0.799453069251224	1
chr4	185395000	185420000	0.798579243140545	1
chr4	185415000	185440000	0.799224070389148	1
chr4	185505000	185530000	0.798509282072443	1
chr4	185340000	185375000	0.56118337540566	1
chr4	185355000	185380000	0.797998205330437	1
chr4	185315000	185340000	0.797083671717841	1
chr4	185430000	185455000	0.796671293614879	1
chr4	185230000	185255000	0.796356539113133	1
chr4	185605000	185630000	0.796406689472076	1
chr4	185275000	185335000	0.311268468038835	1
chr4	185200000	185460000	0.105038509664911	1
chr4	185225000	185460000	0.107920537548836	1
chr4	185350000	185375000	0.795700326884231	1
chr4	185395000	185440000	0.418192703220837	1
chr4	185245000	185455000	0.114325687396603	1
chr4	185345000	185390000	0.416821885589793	1
chr4	185615000	185640000	0.79524275518032	1
chr4	185205000	185305000	0.199864433359757	1
chr4	185200000	185260000	0.307268733204896	1
chr4	185205000	185450000	0.105155139350125	1
chr4	185200000	185300000	0.199183245043646	1
chr4	185340000	185385000	0.413825602446048	1
chr4	185190000	185250000	0.304048066567687	1
chr4	185265000	185455000	0.116829008927114	1
chr4	185200000	185275000	0.246710111394337	1
chr4	185185000	185565000	0.0807539025314775	1
chr4	185185000	185260000	0.24472007694001	1
chr4	185230000	185305000	0.244090146662176	1
chr4	185185000	185230000	0.410084139771467	1
chr4	185280000	185325000	0.406627161086206	1
chr4	185570000	185645000	0.240148505838039	1
chr4	185200000	185435000	0.102063758234309	1
chr4	185380000	185455000	0.239632149103693	1
chr4	185245000	185390000	0.139429108518798	1
chr4	185185000	185300000	0.166005676693393	1
chr4	185340000	185455000	0.165383617249057	1
chr4	185205000	185300000	0.193831437516966	1
chr4	185185000	185275000	0.200453569373293	1
chr4	185185000	185370000	0.112689772688124	1
chr4	185185000	185315000	0.145511719473497	1
chr4	185230000	185395000	0.1214344093489	1
chr4	185250000	185305000	0.318074844924205	1
chr4	185275000	185390000	0.159839658713843	1
chr4	185200000	185305000	0.170337171521327	1
chr4	185205000	185315000	0.165347357900745	1
chr4	185400000	185455000	0.314566294866441	1
chr4	185190000	185445000	0.0884728889729172	1
chr4	185190000	185245000	0.312365347782333	1
chr4	185335000	185390000	0.311793225263826	1
chr4	185205000	185275000	0.244310247430846	1
chr4	185205000	185395000	0.105140435719826	1
chr4	185240000	185295000	0.310055339196177	1
chr4	185385000	185455000	0.242635622735978	1
chr4	185205000	185260000	0.309430491983026	1
chr4	185200000	185255000	0.30853861822798	1
chr4	185265000	185390000	0.142492865136642	1
chr4	185580000	185635000	0.308176484789264	1
chr4	185210000	185390000	0.106315332116461	1
chr4	185230000	185390000	0.116664234001301	1
chr4	185185000	185430000	0.0855414028774471	1
chr4	185205000	185335000	0.136539482495601	1
chr4	185185000	185340000	0.119284572505598	1
chr4	185270000	185340000	0.239602395204743	1
chr4	185190000	185295000	0.162331497850554	1
chr4	185390000	185460000	0.237381363871838	1
chr4	185195000	185300000	0.161093532571953	1
chr4	185195000	185460000	0.0814466966778074	1
chr4	185185000	185400000	0.092279754824513	1
chr4	185295000	185455000	0.113947642830086	1
chr4	185380000	185460000	0.203540182818876	1
chr4	185185000	185330000	0.121157722464994	1
chr4	185185000	185450000	0.0774822018194565	1
chr4	185235000	185435000	0.0926829121448887	1
chr4	185240000	185305000	0.247312134989011	1
chr4	185190000	185390000	0.0923723868502351	1
chr4	185200000	185380000	0.0987003638706643	1
chr4	185180000	185470000	0.0719006416841488	1
chr4	185260000	185455000	0.0926777289061611	1
chr4	185185000	185470000	0.0720144038788372	1
chr4	185190000	185335000	0.115245707785959	1
chr4	185190000	185325000	0.122325224481382	1
chr4	185325000	185390000	0.242387732461752	1
chr4	185200000	185385000	0.0945626513162099	1
chr4	185200000	185315000	0.138973174459471	1
chr4	185570000	185650000	0.194586168438844	1
chr4	185395000	185460000	0.241107051071623	1
chr4	185190000	185300000	0.143741122588774	1
chr4	185185000	185440000	0.0745392388877961	1
chr4	185200000	185335000	0.120074207103408	1
chr4	185210000	185450000	0.0766834943754276	1
chr4	185195000	185385000	0.089865980547125	1
chr4	185190000	185395000	0.084999530356117	1
chr4	185275000	185455000	0.0937073940074655	1
chr4	185230000	185270000	0.413840492533317	1
chr4	185410000	185450000	0.413505208033293	1
chr4	185330000	185380000	0.317883274184891	1
chr4	185220000	185445000	0.079053488620359	1
chr4	185225000	185265000	0.412175560562042	1
chr4	185195000	185445000	0.0729852733771687	1
chr4	185460000	185550000	0.169403583265451	1
chr4	185190000	185340000	0.107110036294003	1
chr4	185185000	185385000	0.0853111482790536	1
chr4	185190000	185440000	0.0722242880185192	1
chr4	185240000	185390000	0.106600009935615	1
chr4	185595000	185635000	0.409903917520692	1
chr4	185190000	185240000	0.314287170237044	1
chr4	185185000	185560000	0.056362075874869	1
chr4	185185000	185465000	0.067360817643905	1
chr4	185200000	185370000	0.095490891335675	1
chr4	185195000	185315000	0.128215944670132	1
chr4	185330000	185370000	0.408378506513622	1
chr4	185265000	185305000	0.407222915038697	1
chr4	185190000	185265000	0.199702535250998	1
chr4	185195000	185395000	0.0831331592048573	1
chr4	185395000	185445000	0.311220014085825	1
chr4	185180000	185305000	0.121409431217584	1
chr4	185225000	185300000	0.198611141919339	1
chr4	185570000	185620000	0.310974519504503	1
chr4	185340000	185380000	0.40587668102876	1
chr4	185195000	185235000	0.405641924253162	1
chr4	185185000	185310000	0.120666574431165	1
chr4	185270000	185395000	0.120623143435657	1
chr4	185265000	185315000	0.310016166242334	1
chr4	185195000	185340000	0.105955441762592	1
chr4	185405000	185455000	0.30958282959756	1
chr4	185210000	185310000	0.146987041101639	1
chr4	185215000	185455000	0.0710674676452765	1
chr4	185300000	185390000	0.163073974144663	1
chr4	185205000	185460000	0.0680151194982025	1
chr4	185210000	185260000	0.307717683720553	1
chr4	185580000	185630000	0.307568046096328	1
chr4	185280000	185330000	0.307160369244916	1
chr4	185185000	185445000	0.0666288617963129	1
chr4	185390000	185450000	0.248492727880031	1
chr4	185185000	185245000	0.248487536040937	1
chr4	185235000	185455000	0.0745072843414098	1
chr4	185240000	185300000	0.247915790101251	1
chr4	185220000	185270000	0.305919874580646	1
chr4	185370000	185455000	0.170196326052484	1
chr4	185335000	185460000	0.117746303704075	1
chr4	185575000	185635000	0.24716320644485	1
chr4	185185000	185375000	0.0818528082210746	1
chr4	185190000	185460000	0.0641879873738293	1
chr4	185270000	185330000	0.246687066622318	1
chr4	185330000	185450000	0.121896685727966	1
chr4	185195000	185440000	0.0679955618632478	1
chr4	185205000	185370000	0.0915292208773298	1
chr4	185195000	185335000	0.105637977897186	1
chr4	185235000	185395000	0.0934213002304328	1
chr4	185205000	185385000	0.0840091355139467	1
chr4	185230000	185435000	0.0756581134400113	1
chr4	185385000	185460000	0.189988828701432	1
chr4	185265000	185395000	0.110292204807419	1
chr4	185415000	185445000	0.574157245593916	1
chr4	185205000	185435000	0.0683850584554773	1
chr4	185345000	185375000	0.573274954579473	1
chr4	185215000	185460000	0.0650460726512074	1
chr4	185460000	185520000	0.240904764518102	1
chr4	185230000	185315000	0.164388688358551	1
chr4	185220000	185455000	0.0667661052106116	1
chr4	185280000	185310000	0.57158575953572	1
chr4	185190000	185260000	0.201996361408107	1
chr4	185195000	185435000	0.0651687291765404	1
chr4	185350000	185380000	0.570769437995471	1
chr4	185305000	185390000	0.162996304012549	1
chr4	185410000	185440000	0.570000322016299	1
chr4	185300000	185455000	0.0917441133372724	1
chr4	185340000	185370000	0.56973395676513	1
chr4	185280000	185385000	0.131139302431973	1
chr4	185230000	185460000	0.0663141183241515	1
chr4	185180000	185310000	0.106547549501051	1
chr4	185420000	185450000	0.568289685685328	1
chr4	185335000	185365000	0.567326528841742	1
chr4	185255000	185390000	0.102536903531675	1
chr4	185195000	185225000	0.567085508468117	1
chr4	185270000	185380000	0.12309761771484	1
chr4	185210000	185395000	0.0769071239856483	1
chr4	185500000	185530000	0.565659763226354	1
chr4	185225000	185340000	0.117695409259579	1
chr4	185300000	185330000	0.564855936094765	1
chr4	185265000	185335000	0.196775850809391	1
chr4	185190000	185385000	0.0730217249496199	1
chr4	185210000	185340000	0.103495424375404	1
chr4	185615000	185645000	0.563085680425912	1
chr4	185210000	185305000	0.13997409404731	1
chr4	185425000	185455000	0.562410682776356	1
chr4	185230000	185300000	0.195052819642086	1
chr4	185210000	185375000	0.0827904401010694	1
chr4	185220000	185460000	0.0608461311891421	1
chr4	185600000	185630000	0.561052622418176	1
chr4	185235000	185315000	0.166928768207218	1
chr4	185285000	185455000	0.0801826850193403	1
chr4	185265000	185295000	0.56036423570498	1
chr4	185240000	185455000	0.0655647947905887	1
chr4	185260000	185390000	0.100675421562787	1
chr4	185190000	185425000	0.0605285755101027	1
chr4	185205000	185295000	0.144888449645789	1
chr4	185185000	185325000	0.0932583195998124	1
