chr5	130540000	130590000	0.403899906925769	1
chr5	130540000	130735000	0.164570811677401	1
chr5	130545000	130565000	0.997907928596911	1
chr5	130545000	130585000	0.57226506490818	1
chr5	130545000	130590000	0.798189060188181	1
chr5	130545000	130595000	0.567174478672211	1
chr5	130545000	130600000	0.563889054984906	1
chr5	130545000	130710000	0.165823256718792	1
chr5	130545000	130715000	0.243670692057397	1
chr5	130545000	130720000	0.166256773190304	1
chr5	130550000	130580000	0.799744555242807	1
chr5	130550000	130585000	0.802643244763989	1
chr5	130550000	130590000	0.565663152082601	1
chr5	130550000	130595000	0.567773541687503	1
chr5	130550000	130600000	0.573689439090579	1
chr5	130550000	130615000	0.405800252753617	1
chr5	130550000	130710000	0.195379541540799	1
chr5	130550000	130715000	0.237381363871838	1
chr5	130550000	130730000	0.197052597299489	1
chr5	130555000	130575000	0.998253435090251	1
chr5	130555000	130585000	0.997698111854611	1
chr5	130555000	130590000	0.801144469417607	1
chr5	130555000	130595000	0.79926818112779	1
chr5	130555000	130600000	0.561807206713778	1
chr5	130555000	130605000	0.565866275032555	1
chr5	130555000	130610000	0.566274198317679	1
chr5	130555000	130715000	0.163717224968347	1
chr5	130560000	130580000	0.99999999999983	1
chr5	130560000	130585000	0.998633160478398	1
chr5	130560000	130590000	0.998171919577444	1
chr5	130560000	130595000	0.799253660748957	1
chr5	130560000	130600000	0.793600854386656	1
chr5	130565000	130585000	0.99999999999983	1
chr5	130565000	130590000	0.998311968550238	1
chr5	130565000	130595000	0.797876795646073	1
chr5	130570000	130590000	0.998338809535193	1
chr5	130575000	130595000	0.998356168387936	1
chr5	130575000	130710000	0.196172615191184	1
chr5	130585000	130715000	0.24531546895435	1
chr5	130590000	130715000	0.311610320182542	1
chr5	130595000	130715000	0.201383271443808	1
chr5	130595000	130720000	0.194642522871114	1
chr5	130600000	130710000	0.313403838865238	1
chr5	130600000	130715000	0.310055339196177	1
chr5	130605000	130710000	0.316828707110876	1
chr5	130605000	130715000	0.317570223841932	1
chr5	130605000	130720000	0.242946377315402	1
chr5	130610000	130690000	0.304048066567687	1
chr5	130610000	130705000	0.309430491983026	1
chr5	130610000	130710000	0.24818050962488	1
chr5	130610000	130715000	0.312026007022374	1
chr5	130615000	130665000	0.4152117979595	1
chr5	130615000	130700000	0.408002037069541	1
chr5	130615000	130705000	0.310640561011563	1
chr5	130615000	130710000	0.317156757971876	1
chr5	130615000	130715000	0.409923271830409	1
chr5	130615000	130720000	0.240372178914229	1
chr5	130620000	130640000	0.998888109951448	1
chr5	130620000	130650000	0.795486234952969	1
chr5	130620000	130655000	0.799224070389148	1
chr5	130620000	130660000	0.569519954540804	1
chr5	130620000	130670000	0.418446835377573	1
chr5	130620000	130685000	0.40968403967203	1
chr5	130620000	130700000	0.306648203647824	1
chr5	130620000	130710000	0.411315748056615	1
chr5	130620000	130715000	0.403338996405402	1
chr5	130620000	130725000	0.243676352938815	1
chr5	130625000	130645000	0.998361050720737	1
chr5	130625000	130650000	0.998008801875185	1
chr5	130625000	130655000	0.797083671717841	1
chr5	130625000	130660000	0.800594829878361	1
chr5	130625000	130665000	0.570307668998174	1
chr5	130625000	130670000	0.563085680425912	1
chr5	130625000	130675000	0.412660961620664	1
chr5	130625000	130685000	0.406627161086206	1
chr5	130625000	130705000	0.312187800133526	1
chr5	130625000	130710000	0.248492727880031	1
chr5	130630000	130650000	0.998450418015853	1
chr5	130630000	130655000	0.997890048221014	1
chr5	130630000	130660000	0.798866068731098	1
chr5	130630000	130675000	0.563859708128392	1
chr5	130630000	130680000	0.411446843731659	1
chr5	130635000	130655000	0.998500263100086	1
chr5	130640000	130660000	0.998575650049494	1
chr5	130640000	130670000	0.800527145183251	1
chr5	130640000	130680000	0.57252738259632	1
chr5	130640000	130690000	0.565606420529043	1
chr5	130645000	130665000	0.998386547610165	1
chr5	130645000	130675000	0.797998205330437	1
chr5	130645000	130680000	0.800109895534844	1
chr5	130650000	130670000	0.998589503039498	1
chr5	130650000	130675000	0.997842704974395	1
chr5	130650000	130680000	0.798957350253693	1
chr5	130650000	130690000	0.56036423570498	1
chr5	130655000	130675000	0.998354178914718	1
chr5	130655000	130685000	0.799355719030163	1
chr5	130655000	130705000	0.40587668102876	1
chr5	130660000	130680000	0.998942574968055	1
chr5	130660000	130690000	0.800766128496274	1
chr5	130665000	130685000	0.998682179597895	1
chr5	130665000	130710000	0.55990878271158	1
chr5	130670000	130690000	0.998328839116465	1
chr5	130690000	130710000	0.998196857663657	1
chr5	130790000	130810000	0.998123891381292	1
chr5	130825000	130845000	0.997880022610844	1
chr5	130830000	130865000	0.797627383232618	1
chr5	130835000	130855000	0.997929350015282	1
chr5	130845000	130865000	0.998073890680245	1
chr5	130945000	130965000	0.998089351818738	1
chr5	130975000	130995000	0.998040974841874	1
chr5	130980000	131000000	0.997925086333926	1
chr5	130985000	131005000	0.997918523952116	1
chr5	130990000	131010000	0.998099093783664	1
chr5	131085000	131105000	0.99827872513732	1
chr5	131095000	131115000	0.99804368986906	1
chr5	130650000	130685000	0.576052201369539	1
chr5	130625000	130680000	0.408639978947346	1
chr5	130635000	130690000	0.411552838706583	1
chr5	130545000	130610000	0.311220014085825	1
chr5	130615000	130680000	0.312509454817865	1
chr5	130625000	130690000	0.30902532601232	1
chr5	130630000	130695000	0.306631617513663	1
chr5	130620000	130690000	0.313687290141863	1
chr5	130625000	130695000	0.306030953379063	1
chr5	130630000	130700000	0.313593135252165	1
chr5	130620000	130705000	0.24307196761007	1
chr5	130605000	130695000	0.246168261516774	1
chr5	130560000	130710000	0.162746060494593	1
chr5	130565000	130715000	0.166357719825889	1
chr5	130555000	130710000	0.165803032122295	1
chr5	130635000	130670000	0.570358100326838	1
chr5	130655000	130690000	0.571875900807651	1
chr5	130670000	130705000	0.57158575953572	1
chr5	130605000	130690000	0.240057340786969	1
chr5	130625000	130715000	0.241107051071623	1
chr5	130570000	130710000	0.166531241702782	1
chr5	130550000	130720000	0.142816550770183	1
chr5	130600000	130690000	0.240904764518102	1
chr5	130610000	130725000	0.200874532866716	1
chr5	130565000	130710000	0.170538785319034	1
chr5	130640000	130675000	0.567802686518376	1
chr5	130610000	130720000	0.199183245043646	1
chr5	130645000	130670000	0.80556558287818	1
chr5	130660000	130685000	0.806626715430154	1
chr5	130615000	130650000	0.567329488243188	1
chr5	130930000	130965000	0.56596179108796	1
chr5	130640000	130665000	0.803800595813314	1
chr5	130580000	130715000	0.165753779763419	1
chr5	130540000	130715000	0.137275996390601	1
chr5	130550000	130725000	0.137290705741251	1
chr5	130615000	130640000	0.803304481311732	1
chr5	130635000	130660000	0.802371450950569	1
chr5	130610000	130645000	0.56404108914116	1
chr5	130660000	130695000	0.563706037552251	1
chr5	130835000	130870000	0.565109795540571	1
chr5	130640000	130720000	0.242939658926636	1
chr5	130555000	130580000	0.80062117357342	1
chr5	130840000	130865000	0.800371575662528	1
chr5	130580000	130710000	0.164973460779419	1
chr5	130555000	130720000	0.138443974270429	1
chr5	130670000	130695000	0.798371578792862	1
chr5	130880000	130905000	0.799127973292106	1
chr5	130940000	130965000	0.799250503367681	1
chr5	131095000	131120000	0.798903337884659	1
chr5	130550000	130610000	0.313856567674517	1
chr5	130875000	130900000	0.796970659757791	1
chr5	130655000	130680000	0.796406689472076	1
chr5	130545000	130605000	0.312365347782333	1
chr5	130665000	130690000	0.795700326884231	1
chr5	131015000	131040000	0.795785766239195	1
chr5	130620000	130680000	0.310016166242334	1
chr5	130615000	130675000	0.309065302261641	1
chr5	130640000	130700000	0.308971118234463	1
chr5	130630000	130690000	0.308519408146853	1
chr5	130550000	130575000	0.795232164221443	1
chr5	131100000	131125000	0.795489516681574	1
chr5	130570000	130595000	0.794832033652425	1
chr5	131090000	131115000	0.794447941885249	1
chr5	130565000	130720000	0.139800287279431	1
chr5	130645000	130690000	0.41561192376591	1
chr5	130600000	130720000	0.169060549614523	1
chr5	130635000	130680000	0.414401990143568	1
chr5	130545000	130730000	0.121836468374385	1
chr5	130615000	130690000	0.247915790101251	1
chr5	130560000	130715000	0.138252252117784	1
chr5	130555000	130615000	0.303478275544104	1
chr5	130610000	130685000	0.246226339721404	1
chr5	130970000	131130000	0.134761373705863	1
chr5	130605000	130705000	0.193831437516966	1
chr5	130640000	130685000	0.411675584478365	1
chr5	130655000	130700000	0.41068799216557	1
chr5	130625000	130700000	0.244412960774894	1
chr5	130620000	130665000	0.409695150928356	1
chr5	130610000	130670000	0.299343719551412	1
chr5	130590000	130710000	0.164897673656115	1
chr5	130585000	130710000	0.159079517887513	1
chr5	130630000	130705000	0.242202276118999	1
chr5	130540000	130720000	0.119243461148234	1
chr5	130615000	130660000	0.407283886276551	1
chr5	130640000	130715000	0.23923095900996	1
chr5	130605000	130725000	0.159570991660509	1
chr5	130610000	130700000	0.202957426960514	1
chr5	130595000	130710000	0.16449240023229	1
chr5	130590000	130705000	0.161368566477305	1
chr5	130600000	130705000	0.171073850486175	1
chr5	130590000	130720000	0.142268216472021	1
chr5	130590000	130730000	0.135224549932042	1
chr5	130560000	130720000	0.121154906849542	1
chr5	130550000	130705000	0.124645563249539	1
chr5	130595000	130730000	0.137313623540781	1
chr5	130610000	130695000	0.201583173645311	1
chr5	130605000	130730000	0.143939081800205	1
chr5	130565000	130725000	0.11845416662273	1
chr5	130545000	130615000	0.242342964394941	1
chr5	130610000	130730000	0.146987041101639	1
chr5	130965000	131130000	0.113947642830086	1
chr5	130615000	130670000	0.308330029810507	1
chr5	130570000	130725000	0.119955347856928	1
chr5	130630000	130685000	0.307160369244916	1
chr5	130650000	130705000	0.306917732687241	1
chr5	130550000	130605000	0.306308236877422	1
chr5	131040000	131095000	0.305690661215685	1
chr5	130595000	130700000	0.161560803748084	1
chr5	130555000	130705000	0.120623143435657	1
chr5	130540000	130595000	0.303388358201563	1
chr5	130555000	130750000	0.0974247430202531	1
chr5	130600000	130725000	0.137148987357373	1
chr5	130555000	130725000	0.104072036588256	1
chr5	130640000	130705000	0.246710111394337	1
chr5	130630000	130710000	0.198290357049683	1
chr5	131025000	131125000	0.159639069506743	1
chr5	130605000	130685000	0.196769479234071	1
chr5	130560000	130695000	0.122280670171018	1
chr5	130635000	130675000	0.419423862965918	1
chr5	130595000	130690000	0.165543803766481	1
chr5	130615000	130655000	0.418075238671144	1
chr5	130575000	130730000	0.107812515400433	1
chr5	130540000	130725000	0.0931743140000525	1
chr5	130630000	130670000	0.4159552622813	1
chr5	130600000	130695000	0.162996304012549	1
chr5	130975000	131125000	0.109434234046738	1
chr5	130540000	130730000	0.0897044574569719	1
chr5	130660000	130700000	0.413468375199618	1
chr5	130590000	130725000	0.118262117624917	1
chr5	130650000	130700000	0.317150039338369	1
chr5	130625000	130720000	0.160574802976659	1
chr5	130565000	130605000	0.411612553593203	1
chr5	130555000	130690000	0.117274408649721	1
chr5	130600000	130730000	0.120074207103408	1
chr5	130925000	131130000	0.0831582491487045	1
chr5	130575000	130705000	0.119098408159283	1
chr5	130985000	131025000	0.409746728486007	1
chr5	130925000	130965000	0.409324671296739	1
chr5	130595000	130705000	0.138210284246401	1
chr5	130635000	130685000	0.313066850060401	1
chr5	130570000	130715000	0.107920537548836	1
chr5	130595000	130725000	0.118173701968453	1
chr5	130980000	131020000	0.407718010972547	1
chr5	130575000	130750000	0.0921582980138716	1
chr5	131035000	131075000	0.407222915038697	1
chr5	131080000	131120000	0.407129071757314	1
chr5	130550000	130700000	0.103999998436853	1
chr5	130620000	130695000	0.198611141919339	1
chr5	130575000	130720000	0.106301118767972	1
chr5	130570000	130720000	0.103495424375404	1
chr5	130980000	131120000	0.108842100670821	1
chr5	130970000	131010000	0.403975569735352	1
chr5	130635000	130710000	0.196435760059923	1
chr5	130560000	130610000	0.307443134990974	1
chr5	130605000	130680000	0.195567153922657	1
chr5	130545000	130620000	0.194700334498035	1
chr5	130560000	130725000	0.0922800026802073	1
chr5	130545000	130725000	0.0850302776332425	1
chr5	130585000	130725000	0.105155139350125	1
chr5	130555000	130740000	0.0824219386206714	1
chr5	130575000	130715000	0.103488219953007	1
chr5	130650000	130710000	0.242885934462633	1
chr5	130595000	130695000	0.140571191993061	1
chr5	130635000	130665000	0.573274954579473	1
chr5	130540000	130610000	0.203237111820894	1
chr5	130600000	130700000	0.139360432446312	1
chr5	130925000	131110000	0.0799965644908197	1
chr5	130635000	130705000	0.202064331237016	1
chr5	130925000	131040000	0.121226866818002	1
chr5	130545000	130750000	0.0735050946958058	1
chr5	130985000	131015000	0.570787010970432	1
chr5	130605000	130700000	0.145511719473497	1
chr5	130670000	130700000	0.570378584442759	1
chr5	130975000	131005000	0.570000322016299	1
chr5	130565000	130695000	0.107319189391816	1
chr5	130600000	130670000	0.200750167188803	1
chr5	130570000	130705000	0.10364887547043	1
chr5	130930000	131120000	0.0767025512546928	1
chr5	130540000	130750000	0.070836541070104	1
chr5	130980000	131125000	0.0965349543205515	1
chr5	130545000	130575000	0.568425524378592	1
chr5	130665000	130695000	0.568409789522697	1
chr5	130550000	130680000	0.106315332116461	1
chr5	130610000	130640000	0.568023985620251	1
chr5	130615000	130725000	0.124010395663097	1
chr5	131080000	131110000	0.567326528841742	1
chr5	130830000	130860000	0.567085508468117	1
chr5	130840000	130870000	0.566787828526707	1
