chr6	26040000	26100000	0.406325031192085	1
chr6	26040000	26120000	0.30636977531002	1
chr6	26045000	26090000	0.570052895653608	1
chr6	26045000	26095000	0.795111208508523	1
chr6	26045000	26100000	0.798796409727229	1
chr6	26045000	26105000	0.563759900884874	1
chr6	26045000	26110000	0.560660941068558	1
chr6	26045000	26115000	0.556452838349976	1
chr6	26045000	26120000	0.408884022092563	1
chr6	26050000	26090000	0.561052622418176	1
chr6	26050000	26095000	0.563495887798368	1
chr6	26050000	26100000	0.805631084391691	1
chr6	26050000	26110000	0.565467125379797	1
chr6	26050000	26115000	0.314287170237044	1
chr6	26050000	26120000	0.404662558288401	1
chr6	26055000	26075000	0.998100026668709	1
chr6	26055000	26080000	0.998167102212906	1
chr6	26055000	26085000	0.99830562411198	1
chr6	26055000	26090000	0.99999999999983	1
chr6	26055000	26095000	0.99999999999983	1
chr6	26055000	26100000	0.99999999999983	1
chr6	26055000	26105000	0.998667627592814	1
chr6	26055000	26110000	0.802863131731729	1
chr6	26055000	26115000	0.797295846999773	1
chr6	26055000	26120000	0.794102919678834	1
chr6	26055000	26125000	0.403975569735352	1
chr6	26055000	26150000	0.241888677281038	1
chr6	26055000	26155000	0.406890741056768	1
chr6	26060000	26080000	0.99999999999983	1
chr6	26060000	26085000	0.99999999999983	1
chr6	26060000	26090000	0.99999999999983	1
chr6	26060000	26095000	0.99999999999983	1
chr6	26060000	26100000	0.99999999999983	1
chr6	26060000	26105000	0.998623269616762	1
chr6	26060000	26110000	0.998316302738873	1
chr6	26060000	26115000	0.798579243140545	1
chr6	26060000	26120000	0.799127973292106	1
chr6	26060000	26125000	0.411350329715235	1
chr6	26060000	26155000	0.311885059871025	1
chr6	26065000	26085000	0.99999999999983	1
chr6	26065000	26090000	0.99999999999983	1
chr6	26065000	26095000	0.99999999999983	1
chr6	26065000	26100000	0.99999999999983	1
chr6	26065000	26105000	0.998134589814896	1
chr6	26065000	26110000	0.801712985770928	1
chr6	26065000	26115000	0.80078320067202	1
chr6	26065000	26120000	0.563565604518799	1
chr6	26070000	26090000	0.99999999999983	1
chr6	26070000	26095000	0.99999999999983	1
chr6	26070000	26100000	0.99999999999983	1
chr6	26070000	26105000	0.7997056663686	1
chr6	26070000	26110000	0.799480861344752	1
chr6	26070000	26115000	0.796706388816014	1
chr6	26075000	26095000	0.99999999999983	1
chr6	26075000	26100000	0.99999999999983	1
chr6	26075000	26105000	0.799300125804406	1
chr6	26075000	26110000	0.793733455807182	1
chr6	26080000	26100000	0.998797731042457	1
chr6	26085000	26115000	0.799250503367681	1
chr6	26090000	26110000	0.997698111854611	1
chr6	26095000	26115000	0.998338809535193	1
chr6	26100000	26120000	0.998585466094324	1
chr6	26105000	26145000	0.562564763777033	1
chr6	26105000	26155000	0.409416140943255	1
chr6	26110000	26150000	0.565396398921602	1
chr6	26115000	26155000	0.565268138138942	1
chr6	26120000	26140000	0.998430639961321	1
chr6	26120000	26145000	0.998331480225693	1
chr6	26120000	26150000	0.998338875166511	1
chr6	26120000	26155000	0.998737865000052	1
chr6	26120000	26160000	0.570867194736394	1
chr6	26120000	26170000	0.407577066195952	1
chr6	26120000	26195000	0.410961496995605	1
chr6	26120000	26200000	0.405012967379608	1
chr6	26125000	26145000	0.99999999999983	1
chr6	26125000	26150000	0.99999999999983	1
chr6	26125000	26155000	0.99999999999983	1
chr6	26125000	26160000	0.799224070389148	1
chr6	26125000	26165000	0.565265389124456	1
chr6	26125000	26170000	0.570793766500472	1
chr6	26125000	26195000	0.408586316815945	1
chr6	26130000	26150000	0.99999999999983	1
chr6	26130000	26155000	0.99999999999983	1
chr6	26130000	26160000	0.792590260929711	1
chr6	26135000	26155000	0.99999999999983	1
chr6	26155000	26195000	0.797627383232618	1
chr6	26155000	26200000	0.575577945562408	1
chr6	26160000	26180000	0.99858330313624	1
chr6	26160000	26185000	0.998407502318212	1
chr6	26160000	26190000	0.796530425254918	1
chr6	26160000	26195000	0.79904100256362	1
chr6	26160000	26200000	0.567510303243799	1
chr6	26165000	26185000	0.998517147499314	1
chr6	26165000	26190000	0.997925086333926	1
chr6	26165000	26195000	0.799280320654372	1
chr6	26170000	26190000	0.998831763672604	1
chr6	26170000	26195000	0.998073890680245	1
chr6	26170000	26215000	0.558161226640982	1
chr6	26170000	26270000	0.240058787032828	1
chr6	26175000	26195000	0.99999999999983	1
chr6	26175000	26200000	0.998218434767612	1
chr6	26175000	26205000	0.795785766239195	1
chr6	26175000	26210000	0.795963765386527	1
chr6	26175000	26215000	0.797331159014423	1
chr6	26175000	26225000	0.413239513550195	1
chr6	26175000	26250000	0.311268468038835	1
chr6	26175000	26270000	0.244361135658397	1
chr6	26180000	26200000	0.998035369141884	1
chr6	26180000	26230000	0.410484928062861	1
chr6	26190000	26235000	0.554944324204995	1
chr6	26190000	26270000	0.308209144556896	1
chr6	26195000	26215000	0.998495873920871	1
chr6	26195000	26235000	0.5618973984761	1
chr6	26195000	26270000	0.302332034557353	1
chr6	26195000	26275000	0.403309655014347	1
chr6	26200000	26220000	0.998446325369573	1
chr6	26200000	26250000	0.408989041937413	1
chr6	26205000	26235000	0.799857854345058	1
chr6	26205000	26245000	0.565398460622114	1
chr6	26205000	26250000	0.560321576282728	1
chr6	26210000	26230000	0.99828574533929	1
chr6	26210000	26245000	0.796478607440689	1
chr6	26215000	26235000	0.99999999999983	1
chr6	26215000	26240000	0.998231987766722	1
chr6	26215000	26245000	0.800549894988517	1
chr6	26215000	26250000	0.79901409680699	1
chr6	26215000	26265000	0.407888016538409	1
chr6	26220000	26240000	0.99999999999983	1
chr6	26220000	26245000	0.998490225016954	1
chr6	26220000	26250000	0.998121733462705	1
chr6	26220000	26260000	0.563859708128392	1
chr6	26220000	26270000	0.566844326272573	1
chr6	26225000	26245000	0.998522186289806	1
chr6	26225000	26255000	0.796406689472076	1
chr6	26230000	26250000	0.998430769836734	1
chr6	26230000	26260000	0.797788125745564	1
chr6	26235000	26265000	0.798042510826559	1
chr6	26235000	26270000	0.803117489929714	1
chr6	26235000	26275000	0.564882467856627	1
chr6	26240000	26260000	0.998525847116282	1
chr6	26240000	26265000	0.998396090312473	1
chr6	26240000	26270000	0.80332487271517	1
chr6	26245000	26265000	0.998953693499727	1
chr6	26245000	26270000	0.99826540849339	1
chr6	26245000	26275000	0.795922953744993	1
chr6	26250000	26270000	0.99999999999983	1
chr6	26255000	26275000	0.998265390029491	1
chr6	26255000	26280000	0.99755761783125	1
chr6	26260000	26280000	0.998233162513382	1
chr6	26275000	26295000	0.997735595019874	1
chr6	26285000	26305000	0.99999999999983	1
chr6	26285000	26310000	0.998305432092903	1
chr6	26285000	26550000	0.118903057643566	1
chr6	26290000	26310000	0.998528771350265	1
chr6	26290000	26785000	0.241653136298394	1
chr6	26300000	26545000	0.139377534404618	1
chr6	26300000	26550000	0.163602798825196	1
chr6	26300000	26555000	0.242600405401326	1
chr6	26305000	26525000	0.141799187629777	1
chr6	26305000	26530000	0.188913521896797	1
chr6	26305000	26535000	0.142090096365359	1
chr6	26305000	26545000	0.13524730269785	1
chr6	26305000	26550000	0.166050076427693	1
chr6	26305000	26555000	0.164897673656115	1
chr6	26305000	26560000	0.162920448904957	1
chr6	26305000	26565000	0.201353147294731	1
chr6	26305000	26570000	0.141991036803262	1
chr6	26310000	26330000	0.99802383526682	1
chr6	26310000	26520000	0.16613550688314	1
chr6	26310000	26525000	0.1404905702472	1
chr6	26310000	26530000	0.198708389718986	1
chr6	26310000	26535000	0.409027827103473	1
chr6	26310000	26540000	0.40739096726923	1
chr6	26310000	26545000	0.247773314290846	1
chr6	26310000	26550000	0.414048322956068	1
chr6	26310000	26555000	0.410683909961911	1
chr6	26310000	26560000	0.247179613692576	1
chr6	26310000	26565000	0.24553651136461	1
chr6	26310000	26570000	0.168597440405608	1
chr6	26315000	26525000	0.163595048820458	1
chr6	26315000	26530000	0.304213691215192	1
chr6	26315000	26535000	0.166357719825889	1
chr6	26315000	26540000	0.169829077038182	1
chr6	26315000	26545000	0.306648203647824	1
chr6	26315000	26550000	0.24404300854322	1
chr6	26315000	26555000	0.314821816788672	1
chr6	26315000	26560000	0.241362393544213	1
chr6	26315000	26565000	0.248487536040937	1
chr6	26315000	26575000	0.140899537426973	1
chr6	26320000	26520000	0.145109004303728	1
chr6	26320000	26525000	0.202957426960514	1
chr6	26320000	26530000	0.204611460001727	1
chr6	26320000	26535000	0.243659667304991	1
chr6	26320000	26540000	0.242302720620894	1
chr6	26320000	26545000	0.310154619317749	1
chr6	26320000	26550000	0.405356482419757	1
chr6	26320000	26555000	0.307268733204896	1
chr6	26320000	26560000	0.30530417053793	1
chr6	26320000	26565000	0.405612722528899	1
chr6	26320000	26570000	0.20086336334073	1
chr6	26325000	26515000	0.141900394990665	1
chr6	26325000	26525000	0.196650534296583	1
chr6	26325000	26530000	0.313256242382897	1
chr6	26325000	26535000	0.409751796567026	1
chr6	26325000	26540000	0.311095301039159	1
chr6	26325000	26545000	0.199806577131647	1
chr6	26325000	26550000	0.313856567674517	1
chr6	26325000	26555000	0.565823241869092	1
chr6	26325000	26560000	0.311937591890063	1
chr6	26325000	26565000	0.247270010539507	1
chr6	26325000	26570000	0.247878596652747	1
chr6	26325000	26575000	0.163494476535477	1
chr6	26330000	26495000	0.163257017535944	1
chr6	26330000	26515000	0.165597596086372	1
chr6	26330000	26520000	0.145440224568151	1
chr6	26330000	26525000	0.2422222305939	1
chr6	26330000	26530000	0.30853861822798	1
chr6	26330000	26535000	0.411675584478365	1
chr6	26330000	26540000	0.310974519504503	1
chr6	26330000	26545000	0.309357096659224	1
chr6	26330000	26550000	0.417051293127715	1
chr6	26330000	26555000	0.41068799216557	1
chr6	26330000	26560000	0.318074844924205	1
chr6	26330000	26565000	0.405580249274106	1
chr6	26330000	26570000	0.314949485029843	1
chr6	26330000	26575000	0.164660009458293	1
chr6	26330000	26580000	0.139081334669274	1
chr6	26335000	26355000	0.998221752503769	1
chr6	26335000	26485000	0.202417921079342	1
chr6	26335000	26490000	0.246248334021232	1
chr6	26335000	26495000	0.17060754960977	1
chr6	26335000	26500000	0.19915851504718	1
chr6	26335000	26505000	0.198233668724688	1
chr6	26335000	26510000	0.162185456496241	1
chr6	26335000	26515000	0.244690685629158	1
chr6	26335000	26520000	0.165153704436773	1
chr6	26335000	26525000	0.306256321564856	1
chr6	26335000	26530000	0.406940077616482	1
chr6	26335000	26535000	0.199855864678714	1
chr6	26335000	26540000	0.246907342220363	1
chr6	26335000	26545000	0.299343719551412	1
chr6	26335000	26550000	0.312738522683425	1
chr6	26335000	26555000	0.248492727880031	1
chr6	26335000	26560000	0.247663267494118	1
chr6	26335000	26565000	0.166005676693393	1
chr6	26335000	26570000	0.241522246000676	1
chr6	26335000	26580000	0.194661327391503	1
chr6	26335000	26585000	0.134927864115477	1
chr6	26340000	26390000	0.560796862588338	1
chr6	26340000	26415000	0.310767474707611	1
chr6	26340000	26420000	0.312187800133526	1
chr6	26340000	26450000	0.245172284921579	1
chr6	26340000	26455000	0.239949064438113	1
chr6	26340000	26460000	0.301842455135551	1
chr6	26340000	26465000	0.200539096723069	1
chr6	26340000	26475000	0.194573558057007	1
chr6	26340000	26485000	0.197569489529772	1
chr6	26340000	26490000	0.195785414650443	1
chr6	26340000	26495000	0.199753352845058	1
chr6	26340000	26500000	0.241516157928119	1
chr6	26340000	26505000	0.244724009519996	1
chr6	26340000	26515000	0.239151544291011	1
chr6	26340000	26520000	0.164772373214995	1
chr6	26340000	26525000	0.304048066567687	1
chr6	26340000	26530000	0.199976330714848	1
chr6	26340000	26535000	0.312051370874206	1
chr6	26340000	26540000	0.248619127227222	1
chr6	26340000	26550000	0.164785385849519	1
chr6	26340000	26555000	0.241094704187682	1
chr6	26340000	26560000	0.200524395605247	1
chr6	26340000	26565000	0.146158078555058	1
chr6	26340000	26570000	0.200043694941637	1
chr6	26340000	26575000	0.138614428138989	1
chr6	26340000	26590000	0.137461922655215	1
chr6	26340000	26595000	0.135541062087799	1
chr6	26345000	26375000	0.79575791966356	1
chr6	26345000	26385000	0.566311603125384	1
chr6	26345000	26395000	0.40806156000808	1
chr6	26345000	26420000	0.312601779652113	1
chr6	26345000	26465000	0.19776235607903	1
chr6	26345000	26485000	0.246049316071196	1
chr6	26345000	26490000	0.245576492737175	1
chr6	26345000	26495000	0.239602513121287	1
chr6	26345000	26500000	0.194700334498035	1
chr6	26345000	26505000	0.244795110336577	1
chr6	26345000	26510000	0.243241903012901	1
chr6	26345000	26535000	0.17170915953823	1
chr6	26345000	26540000	0.247643990481834	1
chr6	26345000	26545000	0.162805892211211	1
chr6	26345000	26550000	0.190101788779223	1
chr6	26345000	26555000	0.201483578242776	1
chr6	26345000	26560000	0.140424255707307	1
chr6	26345000	26565000	0.166004246732728	1
chr6	26350000	26380000	0.79825648967657	1
chr6	26350000	26390000	0.562801146082429	1
chr6	26350000	26415000	0.408930604709476	1
chr6	26350000	26425000	0.40276863632784	1
chr6	26350000	26485000	0.199480537938152	1
chr6	26350000	26490000	0.197895149739523	1
chr6	26350000	26495000	0.244323863815788	1
chr6	26350000	26505000	0.199864433359757	1
chr6	26350000	26510000	0.244101014375854	1
chr6	26350000	26515000	0.16423468404306	1
chr6	26350000	26530000	0.195273448324712	1
chr6	26355000	26375000	0.998371833872772	1
chr6	26355000	26385000	0.799711967246185	1
chr6	26355000	26395000	0.562086047928196	1
chr6	26355000	26405000	0.415427108068309	1
chr6	26355000	26485000	0.197803947269579	1
chr6	26355000	26505000	0.201383271443808	1
chr6	26355000	26535000	0.195265001154025	1
chr6	26355000	26545000	0.140847381802432	1
chr6	26360000	26380000	0.998433462177064	1
chr6	26360000	26390000	0.802525528584547	1
chr6	26360000	26395000	0.801011391276483	1
chr6	26360000	26400000	0.570306374954938	1
chr6	26360000	26410000	0.412841497370296	1
chr6	26360000	26440000	0.302093204329868	1
chr6	26360000	26470000	0.240455613649177	1
chr6	26360000	26485000	0.197451660234622	1
chr6	26360000	26535000	0.163155832436667	1
chr6	26365000	26385000	0.99999999999983	1
chr6	26365000	26390000	0.998375977584491	1
chr6	26365000	26395000	0.997842704974395	1
chr6	26365000	26400000	0.9980395889885	1
chr6	26365000	26405000	0.998520945567758	1
chr6	26365000	26410000	0.799105721747823	1
chr6	26365000	26415000	0.416821885589793	1
chr6	26365000	26430000	0.403899906925769	1
chr6	26365000	26435000	0.560565741350542	1
chr6	26365000	26445000	0.309955686019626	1
chr6	26365000	26490000	0.197581772937789	1
chr6	26365000	26525000	0.164771621618145	1
chr6	26370000	26390000	0.999032875333246	1
chr6	26370000	26395000	0.998365138266307	1
chr6	26370000	26400000	0.804033263560908	1
chr6	26370000	26405000	0.803906479445746	1
chr6	26370000	26410000	0.565640717639747	1
chr6	26370000	26415000	0.563162219530198	1
chr6	26370000	26420000	0.41265095755702	1
chr6	26370000	26425000	0.56596179108796	1
chr6	26370000	26450000	0.306127132591918	1
chr6	26370000	26470000	0.306451477741948	1
chr6	26375000	26395000	0.998752771501035	1
chr6	26375000	26400000	0.997693838876608	1
chr6	26375000	26405000	0.801316985668027	1
chr6	26375000	26410000	0.801623538068969	1
chr6	26375000	26415000	0.566474447095617	1
chr6	26375000	26420000	0.562267959824034	1
chr6	26375000	26425000	0.408005348791514	1
chr6	26375000	26435000	0.406392383782963	1
chr6	26375000	26450000	0.306219818564415	1
chr6	26375000	26465000	0.302049732876709	1
chr6	26380000	26400000	0.998811865851325	1
chr6	26380000	26410000	0.800078061830579	1
chr6	26380000	26415000	0.802092730027926	1
chr6	26380000	26425000	0.564536811596018	1
chr6	26380000	26430000	0.410726433300655	1
chr6	26380000	26445000	0.402876293732146	1
chr6	26380000	26455000	0.308048929356966	1
chr6	26385000	26405000	0.998505356305134	1
chr6	26385000	26410000	0.998195863200267	1
chr6	26385000	26415000	0.802149665299979	1
chr6	26385000	26420000	0.798965244313089	1
chr6	26385000	26425000	0.793797350416069	1
chr6	26385000	26430000	0.561557303247	1
chr6	26385000	26435000	0.56118337540566	1
chr6	26385000	26440000	0.562824671094745	1
chr6	26385000	26450000	0.314469125460536	1
chr6	26385000	26460000	0.304091362684803	1
chr6	26390000	26410000	0.998705000824424	1
chr6	26390000	26420000	0.798895872009486	1
chr6	26390000	26425000	0.798371178253215	1
chr6	26390000	26430000	0.797876795646073	1
chr6	26390000	26435000	0.565106596340881	1
chr6	26390000	26440000	0.560226711799672	1
chr6	26390000	26495000	0.243346950792549	1
chr6	26390000	26500000	0.239236952611793	1
chr6	26390000	26510000	0.405344990203393	1
chr6	26395000	26415000	0.998713014733937	1
chr6	26395000	26420000	0.998214974547793	1
chr6	26395000	26425000	0.797039591769217	1
chr6	26395000	26435000	0.568084738708537	1
chr6	26395000	26445000	0.411446843731659	1
chr6	26395000	26460000	0.31440149776727	1
chr6	26395000	26470000	0.309662699854173	1
chr6	26400000	26420000	0.998356168387936	1
chr6	26400000	26425000	0.998236014989741	1
chr6	26400000	26430000	0.998351788729356	1
chr6	26400000	26435000	0.793910386471108	1
chr6	26400000	26440000	0.570292846087737	1
chr6	26400000	26445000	0.569502747859083	1
chr6	26400000	26465000	0.314009394102232	1
chr6	26405000	26425000	0.998894505291899	1
chr6	26405000	26430000	0.998386612270342	1
chr6	26405000	26435000	0.997929350015282	1
chr6	26405000	26445000	0.796783514146917	1
chr6	26405000	26455000	0.411552838706583	1
chr6	26405000	26500000	0.241112768721156	1
chr6	26410000	26430000	0.998948919512101	1
chr6	26410000	26435000	0.998899562765065	1
chr6	26410000	26440000	0.801487488068364	1
chr6	26410000	26445000	0.80614544983415	1
chr6	26410000	26450000	0.798903337884659	1
chr6	26410000	26455000	0.57649472352493	1
chr6	26410000	26460000	0.411737173455805	1
chr6	26415000	26435000	0.998703183091923	1
chr6	26415000	26440000	0.998079165337059	1
chr6	26415000	26445000	0.799725429503642	1
chr6	26415000	26455000	0.564683843198124	1
chr6	26415000	26465000	0.406587264329071	1
chr6	26420000	26440000	0.998589432515569	1
chr6	26420000	26445000	0.998443113682942	1
chr6	26420000	26450000	0.798367672932318	1
chr6	26420000	26460000	0.558492185125881	1
chr6	26420000	26465000	0.558908828578333	1
chr6	26420000	26470000	0.401736919321769	1
chr6	26425000	26445000	0.99874766985599	1
chr6	26425000	26450000	0.998548122270237	1
chr6	26425000	26465000	0.570000322016299	1
chr6	26430000	26450000	0.998474540169429	1
chr6	26430000	26455000	0.997554412047573	1
chr6	26430000	26465000	0.7995163383825	1
chr6	26430000	26470000	0.569243688477365	1
chr6	26435000	26455000	0.998317331905524	1
chr6	26435000	26460000	0.997728281302913	1
chr6	26435000	26465000	0.796571087248523	1
chr6	26435000	26475000	0.562422498221298	1
chr6	26440000	26460000	0.99837710617542	1
chr6	26440000	26465000	0.997961627896724	1
chr6	26440000	26470000	0.802371450950569	1
chr6	26445000	26465000	0.999266279541428	1
chr6	26445000	26470000	0.998376786367523	1
chr6	26450000	26470000	0.998533624644827	1
chr6	26460000	26480000	0.997525297880095	1
chr6	26460000	26490000	0.7934861930461	1
chr6	26460000	26505000	0.56036423570498	1
chr6	26465000	26485000	0.998367530508987	1
chr6	26465000	26495000	0.79553315112212	1
chr6	26465000	26510000	0.796356539113133	1
chr6	26465000	26515000	0.408144743704205	1
chr6	26470000	26490000	0.998134467708712	1
chr6	26470000	26510000	0.55682657845846	1
chr6	26470000	26520000	0.408202476784448	1
chr6	26475000	26495000	0.998699045673011	1
chr6	26475000	26500000	0.998463579382474	1
chr6	26475000	26505000	0.998237981763091	1
chr6	26475000	26510000	0.798371578792862	1
chr6	26475000	26515000	0.798997480080463	1
chr6	26475000	26520000	0.567739702088298	1
chr6	26480000	26500000	0.998686328216744	1
chr6	26480000	26505000	0.998201031372494	1
chr6	26480000	26510000	0.79491646185736	1
chr6	26480000	26515000	0.797901856004802	1
chr6	26485000	26505000	0.99860088654677	1
chr6	26485000	26510000	0.99856673003559	1
chr6	26485000	26515000	0.800594829878361	1
chr6	26490000	26510000	0.998468750785327	1
chr6	26495000	26515000	0.99999999999983	1
chr6	26520000	26545000	0.99798008391564	1
chr6	26535000	26555000	0.998105108029352	1
chr6	26570000	26590000	0.998454809576231	1
chr6	26595000	27040000	0.139533514205946	1
chr6	26595000	27045000	0.121822318508193	1
chr6	26595000	27050000	0.120695669559116	1
chr6	26595000	27055000	0.114495177504303	1
chr6	26595000	27060000	0.0913635308261197	1
chr6	26600000	27030000	0.108255470556897	1
chr6	26600000	27040000	0.19840227386204	1
chr6	26600000	27045000	0.312251054463436	1
chr6	26600000	27050000	0.300676788578549	1
chr6	26600000	27055000	0.10676419845424	1
chr6	26600000	27065000	0.094097697397115	1
chr6	26600000	27080000	0.135255137674926	1
chr6	26600000	27085000	0.115066531131965	1
chr6	26605000	26775000	0.16550227276994	1
chr6	26605000	27035000	0.165859173981033	1
chr6	26605000	27040000	0.307968125682057	1
chr6	26605000	27045000	0.564389010022701	1
chr6	26605000	27050000	0.404483659220278	1
chr6	26605000	27055000	0.140871536307699	1
chr6	26605000	27060000	0.125041119686822	1
chr6	26605000	27070000	0.119554453579475	1
chr6	26605000	27075000	0.118803232578559	1
chr6	26605000	27080000	0.164973460779419	1
chr6	26605000	27090000	0.140647703807491	1
chr6	26605000	27095000	0.103006047785861	1
chr6	26610000	27035000	0.137148987357373	1
chr6	26610000	27040000	0.196264052625938	1
chr6	26610000	27045000	0.241202149568304	1
chr6	26610000	27050000	0.303043421501838	1
chr6	26610000	27055000	0.166303500919434	1
chr6	26610000	27060000	0.0907691293898154	1
chr6	26610000	27070000	0.105486937827957	1
chr6	26615000	26775000	0.238690069402499	1
chr6	26615000	26785000	0.312322157607412	1
chr6	26615000	27040000	0.110279190623977	1
chr6	26615000	27045000	0.123779322923957	1
chr6	26615000	27050000	0.105462591155553	1
chr6	26615000	27075000	0.118847492351291	1
chr6	26620000	26720000	0.800527145183251	1
chr6	26620000	26775000	0.408080455307824	1
chr6	26620000	27035000	0.101174253855247	1
chr6	26630000	26775000	0.409231835373643	1
chr6	26635000	26710000	0.309202080783824	1
chr6	26635000	26785000	0.574839271056829	1
chr6	26635000	27050000	0.119588248367679	1
chr6	26640000	26720000	0.30902532601232	1
chr6	26640000	26735000	0.240801042567097	1
chr6	26645000	26720000	0.408733811577287	1
chr6	26645000	26785000	0.567473635716613	1
chr6	26650000	26785000	0.572688601190788	1
chr6	26665000	26775000	0.413790905588835	1
chr6	26665000	26785000	0.572848280896929	1
chr6	26665000	26795000	0.240178135530217	1
chr6	26670000	26785000	0.99999999999983	1
chr6	26670000	26795000	0.99999999999983	1
chr6	26670000	26800000	0.800703834242467	1
chr6	26670000	26805000	0.563050428318362	1
chr6	26670000	26810000	0.244892576572092	1
chr6	26670000	26815000	0.309517029116356	1
chr6	26675000	26720000	0.80282396174954	1
chr6	26675000	26795000	0.563787077507629	1
chr6	26675000	26800000	0.406122450121638	1
chr6	26675000	26805000	0.244782500819642	1
chr6	26675000	26810000	0.206257740203448	1
chr6	26675000	26815000	0.308048217537091	1
chr6	26675000	26830000	0.242226019015886	1
chr6	26675000	26835000	0.166792788740335	1
chr6	26675000	26840000	0.167660003856961	1
chr6	26675000	26940000	0.144327021128135	1
chr6	26680000	26720000	0.800481208199485	1
chr6	26680000	26785000	0.99999999999983	1
chr6	26680000	26795000	0.312272799588051	1
chr6	26680000	26800000	0.569427507706512	1
chr6	26680000	26805000	0.405800252753617	1
chr6	26680000	26810000	0.304569381360641	1
chr6	26680000	26960000	0.160523064964975	1
chr6	26685000	26735000	0.56293195699558	1
chr6	26685000	26775000	0.310529087917102	1
chr6	26685000	26785000	0.998032824164394	1
chr6	26685000	26795000	0.797998205330437	1
chr6	26685000	26800000	0.242497335008183	1
chr6	26685000	26805000	0.406384651895851	1
chr6	26685000	26810000	0.200743387377817	1
chr6	26685000	26815000	0.196435760059923	1
chr6	26685000	26835000	0.193831437516966	1
chr6	26690000	26755000	0.414203216275577	1
chr6	26690000	26775000	0.555485003178442	1
chr6	26690000	26805000	0.313696946825233	1
chr6	26695000	26785000	0.998888109951448	1
chr6	26695000	26810000	0.239957178960624	1
chr6	26700000	26720000	0.998331258315928	1
chr6	26700000	26775000	0.564534199333335	1
chr6	26700000	26785000	0.99999999999983	1
chr6	26705000	26755000	0.408877260216981	1
chr6	26705000	26775000	0.99999999999983	1
chr6	26705000	26785000	0.99999999999983	1
chr6	26710000	26785000	0.998544649662543	1
chr6	26710000	26835000	0.397481031159307	1
chr6	26710000	26975000	0.160319514925836	1
chr6	26710000	27075000	0.124003309260091	1
chr6	26720000	26755000	0.800839544960768	1
chr6	26720000	26820000	0.99999999999983	1
chr6	26720000	26825000	0.407619341477355	1
chr6	26720000	26865000	0.306481770610752	1
chr6	26720000	26910000	0.80556558287818	1
chr6	26720000	26965000	0.410797179686716	1
chr6	26720000	26995000	0.56492382679139	1
chr6	26720000	27055000	0.408248005786922	1
chr6	26720000	27070000	0.113406916334638	1
chr6	26720000	27080000	0.164735374805598	1
chr6	26720000	27220000	0.138977169888037	1
chr6	26720000	27250000	0.118405298237481	1
chr6	26720000	27270000	0.160900344396459	1
chr6	26720000	27365000	0.095083944779767	1
chr6	26720000	27605000	0.10777433925302	1
chr6	26725000	26745000	0.99999999999983	1
chr6	26725000	26750000	0.99999999999983	1
chr6	26725000	26770000	0.99999999999983	1
chr6	26725000	26775000	0.808665494760541	1
chr6	26735000	26760000	0.99999999999983	1
chr6	26735000	26775000	0.99999999999983	1
chr6	26735000	26800000	0.565088920814907	1
chr6	26735000	26835000	0.99999999999983	1
chr6	26735000	26865000	0.79672781145751	1
chr6	26735000	26960000	0.405796113377935	1
chr6	26735000	27035000	0.309173714226867	1
chr6	26735000	27070000	0.308064808061736	1
chr6	26735000	27315000	0.0828310473833949	1
chr6	26735000	27330000	0.104393414133146	1
chr6	26735000	27350000	0.120250815229285	1
chr6	26735000	27395000	0.101164506032686	1
chr6	26735000	27480000	0.243848557468628	1
chr6	26735000	27565000	0.0779027136262705	1
chr6	26735000	27620000	0.137168003530032	1
chr6	26740000	26760000	0.99999999999983	1
chr6	26740000	26775000	0.998380926017083	1
chr6	26740000	26785000	0.798866068731098	1
chr6	26745000	26775000	0.99999999999983	1
chr6	26750000	26770000	0.99999999999983	1
chr6	26750000	26775000	0.99999999999983	1
chr6	26755000	26775000	0.99999999999983	1
chr6	26755000	26785000	0.800227191545072	1
chr6	26775000	26860000	0.30524553377651	1
chr6	26775000	26965000	0.5727260339475	1
chr6	26775000	26995000	0.161889279636036	1
chr6	26775000	27000000	0.565735094390356	1
chr6	26775000	27075000	0.166064948932312	1
chr6	26775000	27365000	0.0987003638706643	1
chr6	26775000	27450000	0.193708207298635	1
chr6	26785000	26885000	0.235671314886184	1
chr6	26785000	26935000	0.565851188714083	1
chr6	26785000	26955000	0.245899817584249	1
chr6	26785000	26980000	0.312243485186263	1
chr6	26785000	26995000	0.409710124746214	1
chr6	26785000	27035000	0.16857134014897	1
chr6	26785000	27040000	0.247581230110557	1
chr6	26785000	27070000	0.166216061551998	1
chr6	26785000	27355000	0.139360432446312	1
chr6	26785000	27395000	0.117480718632726	1
chr6	26785000	27430000	0.140893680031632	1
chr6	26785000	27490000	0.104226842077571	1
chr6	26795000	26835000	0.797627763354653	1
chr6	26795000	26840000	0.56631533355985	1
chr6	26800000	26835000	0.79541055924571	1
chr6	26805000	26835000	0.998473822055653	1
chr6	26805000	26870000	0.40686236688033	1
chr6	26825000	26875000	0.410577057041298	1
chr6	26830000	26850000	0.998037563408178	1
chr6	26835000	26855000	0.999048357048785	1
chr6	26835000	26860000	0.997766403630964	1
chr6	26835000	26875000	0.798509282072443	1
chr6	26835000	26910000	0.30499782739576	1
chr6	26855000	26895000	0.564882656095728	1
chr6	26920000	27045000	0.309090438966793	1
chr6	26925000	26965000	0.566089947123669	1
chr6	26925000	27000000	0.303011308195082	1
chr6	26925000	27045000	0.244443949792402	1
chr6	26925000	27055000	0.204676105731886	1
chr6	26930000	27025000	0.241631518153526	1
chr6	26945000	26965000	0.99852985209337	1
chr6	26955000	26975000	0.997730115812348	1
chr6	27060000	27080000	0.997684108119213	1
chr6	27095000	27115000	0.99813909695654	1
chr6	27095000	27770000	0.0878805309542304	1
chr6	27095000	27775000	0.134590951386861	1
chr6	27100000	27775000	0.167432757830452	1
chr6	27100000	27780000	0.201809044374078	1
chr6	27100000	27785000	0.0915250525061096	1
chr6	27100000	27790000	0.0924065133398927	1
chr6	27100000	27795000	0.159639069506743	1
chr6	27105000	27770000	0.121246422389344	1
chr6	27105000	27775000	0.197343319525896	1
chr6	27105000	27780000	0.1385136878293	1
chr6	27105000	27790000	0.103738859241905	1
chr6	27110000	27765000	0.0983047276040608	1
chr6	27110000	27770000	0.119939678341561	1
chr6	27110000	27775000	0.237381363871838	1
chr6	27110000	27780000	0.301848280156779	1
chr6	27110000	27785000	0.140723942295192	1
chr6	27110000	27790000	0.0952833071958526	1
chr6	27110000	27800000	0.0835044630504374	1
chr6	27110000	27860000	0.0920493448908496	1
chr6	27115000	27760000	0.120201073215963	1
chr6	27115000	27765000	0.120048321414988	1
chr6	27115000	27770000	0.203866574714334	1
chr6	27115000	27775000	0.237865288731676	1
chr6	27115000	27780000	0.140516335717555	1
chr6	27120000	27760000	0.122922638995684	1
chr6	27120000	27765000	0.143504102915428	1
chr6	27120000	27770000	0.245652146557927	1
chr6	27120000	27775000	0.166433798117982	1
chr6	27120000	27860000	0.0832201824707849	1
chr6	27125000	27750000	0.109812678068458	1
chr6	27125000	27755000	0.172942846348029	1
chr6	27125000	27760000	0.247915790101251	1
chr6	27125000	27765000	0.196750042518088	1
chr6	27125000	27770000	0.163606263097163	1
chr6	27125000	27775000	0.199187407738349	1
chr6	27130000	27750000	0.106163205951923	1
chr6	27130000	27755000	0.19780882651467	1
chr6	27130000	27760000	0.201112777047177	1
chr6	27130000	27765000	0.168627021677749	1
chr6	27130000	27770000	0.146985519067046	1
chr6	27135000	27735000	0.10903266374622	1
chr6	27135000	27750000	0.0805725276954582	1
chr6	27135000	27755000	0.106431781698863	1
chr6	27135000	27760000	0.119266676024798	1
chr6	27135000	27765000	0.107331613903984	1
chr6	27135000	27770000	0.105789843147121	1
chr6	27135000	27775000	0.0920914728036543	1
chr6	27140000	27755000	0.161682043647617	1
chr6	27140000	27760000	0.16722935826282	1
chr6	27140000	27765000	0.205139136569051	1
chr6	27145000	27720000	0.102994151578104	1
chr6	27145000	27755000	0.0941998032282553	1
chr6	27145000	27760000	0.159197196510866	1
chr6	27145000	27765000	0.1391947707629	1
chr6	27145000	27770000	0.120875397515669	1
chr6	27150000	27745000	0.0987949638266053	1
chr6	27150000	27750000	0.104143176183255	1
chr6	27150000	27755000	0.103488219953007	1
chr6	27150000	27760000	0.141939816666877	1
chr6	27150000	27765000	0.163688484228508	1
chr6	27155000	27750000	0.0931097973518201	1
chr6	27155000	27755000	0.104905552649399	1
chr6	27155000	27760000	0.166327093957407	1
chr6	27155000	27765000	0.11901794753885	1
chr6	27160000	27755000	0.107434109112645	1
chr6	27160000	27760000	0.103621745576341	1
chr6	27370000	27400000	0.800560892246373	1
chr6	27665000	27685000	0.997922417014531	1
chr6	27735000	27755000	0.997527490524233	1
chr6	27760000	27860000	0.242202276118999	1
chr6	27770000	27860000	0.311694155239769	1
chr6	27775000	27835000	0.408499335390958	1
chr6	27775000	27855000	0.418579088455785	1
chr6	27775000	27860000	0.799446798098169	1
chr6	27775000	27865000	0.30847728124375	1
chr6	27780000	27800000	0.998744416879248	1
chr6	27780000	27830000	0.569206780129147	1
chr6	27780000	27835000	0.57231061655803	1
chr6	27780000	27840000	0.567302548872019	1
chr6	27780000	27855000	0.997579398473586	1
chr6	27780000	27860000	0.998123891381292	1
chr6	27780000	27865000	0.411612553593203	1
chr6	27785000	27805000	0.998300809638906	1
chr6	27785000	27830000	0.799453069251224	1
chr6	27785000	27835000	0.795430968715877	1
chr6	27785000	27840000	0.417909459154933	1
chr6	27785000	27850000	0.567700586990428	1
chr6	27785000	27855000	0.803607254128239	1
chr6	27785000	27860000	0.99852742120551	1
chr6	27785000	27865000	0.558928866915355	1
chr6	27790000	27830000	0.998071602970379	1
chr6	27790000	27835000	0.998103351151209	1
chr6	27790000	27840000	0.800510259386783	1
chr6	27790000	27850000	0.562445930614121	1
chr6	27790000	27855000	0.998323365766697	1
chr6	27790000	27860000	0.801074540409245	1
chr6	27790000	27865000	0.404719841070311	1
chr6	27795000	27825000	0.800109895534844	1
chr6	27795000	27830000	0.998453274849054	1
chr6	27795000	27835000	0.997871605280675	1
chr6	27795000	27840000	0.794702858715871	1
chr6	27795000	27845000	0.411350647073957	1
chr6	27795000	27850000	0.570250161760013	1
chr6	27795000	27855000	0.798459724584527	1
chr6	27795000	27860000	0.800043464092543	1
chr6	27795000	27865000	0.410612010476943	1
chr6	27800000	27820000	0.998502790413295	1
chr6	27800000	27825000	0.998500889658045	1
chr6	27800000	27830000	0.99999999999983	1
chr6	27800000	27835000	0.99859233562782	1
chr6	27800000	27840000	0.563889054984906	1
chr6	27800000	27845000	0.560542787257716	1
chr6	27800000	27850000	0.799123891612626	1
chr6	27800000	27855000	0.998268872875421	1
chr6	27800000	27860000	0.801480099930608	1
chr6	27805000	27825000	0.99999999999983	1
chr6	27805000	27830000	0.99999999999983	1
chr6	27805000	27835000	0.998716871631905	1
chr6	27805000	27850000	0.804277277570241	1
chr6	27805000	27855000	0.998436114315296	1
chr6	27805000	27860000	0.570307668998174	1
chr6	27810000	27830000	0.99999999999983	1
chr6	27810000	27850000	0.803667483753174	1
chr6	27810000	27855000	0.998328839116465	1
chr6	27815000	27850000	0.802342317443341	1
chr6	27815000	27855000	0.799492468100318	1
chr6	27830000	27850000	0.998305331102	1
chr6	27830000	27855000	0.998171718427082	1
chr6	27835000	27855000	0.99999999999983	1
chr6	27835000	27860000	0.998089351818738	1
chr6	27840000	27860000	0.998234034727511	1
chr6	26115000	26150000	0.576676785534892	1
chr6	26285000	26320000	0.574351566216927	1
chr6	26050000	26105000	0.406552257751746	1
chr6	26215000	26270000	0.409506767043217	1
chr6	26360000	26415000	0.409585055405065	1
chr6	26365000	26420000	0.413736004434115	1
chr6	26375000	26430000	0.410381594998507	1
chr6	26380000	26435000	0.407893921364202	1
chr6	26390000	26445000	0.408373380809494	1
chr6	26395000	26450000	0.41390533306907	1
chr6	26410000	26465000	0.407820763089343	1
chr6	26705000	26760000	0.406275765676863	1
chr6	26785000	26840000	0.417510696487849	1
chr6	26185000	26250000	0.307270879481945	1
chr6	26205000	26270000	0.306843057423219	1
chr6	26360000	26425000	0.310524965143879	1
chr6	26370000	26435000	0.3057748693896	1
chr6	26375000	26440000	0.311526600060168	1
chr6	26415000	26480000	0.305690661215685	1
chr6	26420000	26485000	0.304409312850707	1
chr6	26710000	26775000	0.311965347784695	1
chr6	27360000	27425000	0.303704775123801	1
chr6	26060000	26130000	0.309588147150857	1
chr6	26200000	26270000	0.31155278611658	1
chr6	26370000	26440000	0.3164753547795	1
chr6	26375000	26445000	0.308028532174642	1
chr6	26385000	26455000	0.299780840029298	1
chr6	26395000	26465000	0.309637706802564	1
chr6	26400000	26470000	0.306778638386669	1
chr6	26700000	26770000	0.312743776142124	1
chr6	26860000	26930000	0.309153316102996	1
chr6	27780000	27850000	0.311491913603242	1
chr6	26360000	26445000	0.244209143764443	1
chr6	26380000	26465000	0.244402633077338	1
chr6	26795000	26885000	0.247312134989011	1
chr6	26365000	26485000	0.189865822515155	1
chr6	26620000	26770000	0.170550720042318	1
chr6	26330000	26485000	0.160931744866427	1
chr6	26360000	26515000	0.160000796725908	1
chr6	26680000	26835000	0.163894358960683	1
chr6	26355000	26515000	0.157830571935519	1
chr6	26350000	26550000	0.138729630355791	1
chr6	26355000	26565000	0.141715171872401	1
chr6	26295000	26550000	0.12037168420292	1
chr6	26315000	26570000	0.121582534783623	1
chr6	26600000	26925000	0.122305800182319	1
chr6	26620000	27050000	0.102624853974835	1
chr6	26615000	27055000	0.101973251384225	1
chr6	26620000	27070000	0.0899810760212221	1
chr6	26590000	27045000	0.0941375073226079	1
chr6	26610000	27085000	0.0945383818976902	1
chr6	26595000	27085000	0.0912746061772505	1
chr6	26595000	27095000	0.0830022616485119	1
chr6	27145000	27735000	0.0817595597608926	1
chr6	27145000	27745000	0.0792455883244292	1
chr6	27135000	27740000	0.0866160262501578	1
chr6	27140000	27745000	0.0841001981055479	1
chr6	27100000	27770000	0.0817715638278563	1
chr6	27105000	27785000	0.0756581134400113	1
chr6	27110000	27795000	0.0821595513573155	1
chr6	27110000	27855000	0.0827398511870364	1
chr6	26080000	26115000	0.571298576555975	1
chr6	26130000	26165000	0.569646631898338	1
chr6	26220000	26255000	0.573070146861048	1
chr6	26230000	26265000	0.571678367488456	1
chr6	26240000	26275000	0.571875900807651	1
chr6	26415000	26450000	0.573274954579473	1
chr6	26425000	26460000	0.570802125842527	1
chr6	26435000	26470000	0.569471637925564	1
chr6	26055000	26145000	0.242323184927931	1
chr6	26060000	26150000	0.242752376227663	1
chr6	26065000	26155000	0.242157736491541	1
chr6	26185000	26275000	0.24477262446237	1
chr6	26350000	26440000	0.244583196423248	1
chr6	26680000	26820000	0.165561328975709	1
chr6	26340000	26510000	0.140520907630206	1
chr6	26350000	26535000	0.138888710744362	1
chr6	26350000	26540000	0.1346931389189	1
chr6	26670000	26900000	0.120309200620781	1
chr6	26620000	27040000	0.0931889546477531	1
chr6	26610000	27075000	0.0851061310563635	1
chr6	26785000	27265000	0.0914145701898816	1
chr6	27140000	27730000	0.0813474128702726	1
chr6	27105000	27765000	0.0820499784077557	1
chr6	26355000	26440000	0.238787233218098	1
chr6	26375000	26460000	0.239525181021858	1
chr6	26170000	26260000	0.238241314559732	1
chr6	26365000	26455000	0.240638283788646	1
chr6	26370000	26460000	0.239563997335712	1
chr6	27100000	27860000	0.0803713453099072	1
chr6	26345000	26515000	0.138736874683843	1
chr6	26320000	26495000	0.13945725941624	1
chr6	26345000	26525000	0.138988001183815	1
chr6	26675000	26895000	0.122706399221958	1
chr6	27475000	27715000	0.120201738799513	1
chr6	26295000	26540000	0.117650202746695	1
chr6	26330000	26585000	0.115851152467651	1
chr6	26335000	26590000	0.11731762693708	1
chr6	26625000	27050000	0.0876044319803456	1
chr6	26585000	27045000	0.0824920101670823	1
chr6	27370000	27405000	0.568630056932103	1
chr6	27790000	27825000	0.568006839091545	1
chr6	27805000	27840000	0.568845308152626	1
chr6	26185000	26270000	0.236856348505179	1
chr6	26775000	27340000	0.0818095519436544	1
chr6	26345000	26460000	0.198897719134657	1
chr6	26675000	26820000	0.163997428553848	1
chr6	27150000	27770000	0.0748414038134517	1
chr6	26350000	26555000	0.136650271605024	1
chr6	26295000	26530000	0.119388786646585	1
chr6	27095000	27780000	0.0756139218468898	1
chr6	26380000	26405000	0.807002963515108	1
chr6	26490000	26515000	0.807930202853272	1
chr6	26155000	26190000	0.567190679046513	1
chr6	26225000	26260000	0.566021013815844	1
chr6	26405000	26440000	0.56650775168958	1
chr6	26420000	26455000	0.566099564443958	1
chr6	26445000	26480000	0.566038668592179	1
chr6	26760000	26795000	0.566889656417424	1
chr6	27720000	27755000	0.567109248823395	1
chr6	26335000	26475000	0.162842308290291	1
chr6	26285000	26555000	0.106755719273824	1
chr6	27120000	27750000	0.0736015978694516	1
chr6	27140000	27770000	0.074017934998737	1
chr6	26185000	26210000	0.804078597296386	1
chr6	26205000	26230000	0.803823672927553	1
chr6	26250000	26275000	0.804270981671733	1
chr6	26390000	26415000	0.804492344724297	1
chr6	27095000	27120000	0.80431188472041	1
chr6	26395000	26430000	0.565505993290527	1
chr6	26425000	26505000	0.24428677825994	1
chr6	26770000	27495000	0.077957218705232	1
chr6	26345000	26480000	0.165775310535169	1
chr6	26350000	26525000	0.136141324508513	1
chr6	26605000	27085000	0.0826492614392189	1
chr6	26285000	26545000	0.11046974876993	1
chr6	26315000	26580000	0.107485601000238	1
chr6	26775000	27045000	0.103926657938991	1
chr6	26090000	26115000	0.801455006113278	1
chr6	26095000	26120000	0.801424084714102	1
chr6	26355000	26380000	0.803139805834516	1
chr6	26360000	26385000	0.802045263929809	1
chr6	26570000	26595000	0.801841750678982	1
chr6	26050000	26085000	0.56385292468086	1
chr6	26180000	26215000	0.563338199339534	1
chr6	26340000	26375000	0.563448687224875	1
chr6	26440000	26475000	0.565210476307848	1
chr6	26460000	26495000	0.564991002977197	1
chr6	26825000	26860000	0.565236969153251	1
chr6	26420000	26500000	0.242675513400722	1
chr6	26930000	27010000	0.240145940717852	1
chr6	26680000	26815000	0.163268081606176	1
chr6	26710000	26930000	0.118055668900899	1
chr6	27115000	27855000	0.0716194719386898	1
chr6	26225000	26250000	0.800607829591021	1
chr6	26235000	26260000	0.800502534535749	1
chr6	26450000	26475000	0.800939056359742	1
chr6	26110000	26145000	0.563085680425912	1
chr6	26345000	26475000	0.164754350764538	1
chr6	26350000	26480000	0.164910603534367	1
chr6	26335000	26470000	0.162119940839777	1
chr6	27120000	27780000	0.0729926322741899	1
chr6	26180000	26205000	0.799893079647787	1
chr6	26625000	26650000	0.799955997938083	1
chr6	26200000	26280000	0.23927331412629	1
chr6	26355000	26460000	0.198106053413813	1
chr6	26355000	26465000	0.195052819642086	1
chr6	27115000	27860000	0.0688554596484843	1
chr6	27100000	27855000	0.0725081036994035	1
chr6	26360000	26500000	0.159388440412488	1
chr6	27140000	27715000	0.0738371722337771	1
chr6	27145000	27725000	0.0763979161276846	1
chr6	26190000	26215000	0.799689291217377	1
chr6	26230000	26255000	0.799172865432101	1
chr6	26280000	26305000	0.799733336809504	1
chr6	26460000	26485000	0.799048924250304	1
chr6	26930000	26955000	0.799355719030163	1
chr6	27660000	27685000	0.798284075835932	1
chr6	27670000	27695000	0.798418781327108	1
chr6	27730000	27755000	0.799831453507483	1
chr6	27795000	27820000	0.798563488453189	1
chr6	26205000	26240000	0.560643040252364	1
chr6	26350000	26385000	0.561821993564413	1
chr6	26370000	26430000	0.317543552143156	1
chr6	26455000	26515000	0.317156757971876	1
chr6	26710000	26770000	0.317570223841932	1
chr6	27785000	27845000	0.317662096392889	1
chr6	27805000	27865000	0.316787644997923	1
chr6	26600000	27070000	0.0812001617018676	1
chr6	26180000	26285000	0.196993703985414	1
chr6	26340000	26445000	0.196624227317214	1
chr6	26335000	26465000	0.163325731161475	1
chr6	26195000	26220000	0.797951746725019	1
chr6	26305000	26330000	0.79811006625197	1
chr6	26470000	26495000	0.798189060188181	1
chr6	26335000	26440000	0.194471777739212	1
chr6	26925000	27030000	0.194351201937796	1
chr6	26785000	27235000	0.0838196102196398	1
chr6	26620000	27075000	0.0831336275895157	1
chr6	26620000	26965000	0.0931743140000525	1
chr6	26220000	26735000	0.0753562400709414	1
chr6	27370000	27395000	0.797385292932723	1
chr6	27600000	27625000	0.797466934761064	1
chr6	26170000	26205000	0.560155667579802	1
chr6	26250000	26285000	0.558972480983623	1
chr6	26210000	26270000	0.313698131649091	1
chr6	26610000	27020000	0.08588618172599	1
chr6	26625000	27035000	0.0853111482790536	1
chr6	27150000	27720000	0.0750297919194344	1
chr6	26625000	27045000	0.0850302776332425	1
chr6	26935000	27040000	0.191891130168938	1
chr6	27130000	27735000	0.0753110735703938	1
chr6	27140000	27750000	0.0737648586053144	1
chr6	26135000	26160000	0.797094364510579	1
chr6	26290000	26315000	0.796827350384263	1
chr6	26345000	26370000	0.796960700847874	1
chr6	26340000	26400000	0.313024439239358	1
chr6	26405000	26465000	0.312631355297006	1
chr6	26285000	26535000	0.105831727548796	1
chr6	26645000	26895000	0.106572691117849	1
chr6	26365000	26475000	0.192723677201595	1
chr6	26785000	26810000	0.796666428396112	1
chr6	27680000	27705000	0.796474893476221	1
chr6	27780000	27805000	0.796655939211452	1
chr6	27145000	27740000	0.0751310632667574	1
chr6	27145000	27750000	0.0741404198746055	1
chr6	26340000	26545000	0.120781073170546	1
chr6	26440000	26520000	0.237342453473749	1
chr6	27140000	27775000	0.0712902815134629	1
chr6	27155000	27720000	0.0745945550706871	1
chr6	26385000	26445000	0.312450142557861	1
chr6	26390000	26450000	0.312433228642756	1
chr6	26395000	26475000	0.236700925252341	1
chr6	26410000	26490000	0.236359040028978	1
chr6	26785000	26895000	0.191934475201283	1
chr6	26290000	26540000	0.104404885801533	1
chr6	26370000	26495000	0.165544331381442	1
chr6	26405000	26450000	0.420509892672256	1
chr6	27160000	27740000	0.0730217249496199	1
chr6	27145000	27730000	0.0733640435453381	1
chr6	26330000	26590000	0.105140435719826	1
chr6	26375000	26540000	0.135259619992885	1
chr6	26310000	26590000	0.099667914367346	1
chr6	26615000	27035000	0.0832543069348775	1
chr6	26355000	26555000	0.1205813679975	1
chr6	26085000	26110000	0.796023879419004	1
chr6	26210000	26235000	0.795861876061407	1
chr6	26310000	26335000	0.795753429145445	1
chr6	26350000	26375000	0.795748587808867	1
chr6	26425000	26470000	0.417640331031045	1
chr6	26425000	26485000	0.310480993140016	1
chr6	27145000	27715000	0.072963752398547	1
chr6	26125000	26185000	0.309768083109298	1
chr6	26215000	26275000	0.309456017168285	1
chr6	26380000	26440000	0.309384012772282	1
chr6	26410000	26470000	0.309726178286639	1
chr6	26925000	26985000	0.309388386092208	1
chr6	26120000	26165000	0.417443086726252	1
chr6	26220000	26265000	0.416900566148541	1
chr6	26465000	26490000	0.79533809053578	1
chr6	26535000	26560000	0.795234480350486	1
chr6	26985000	27010000	0.795232164221443	1
chr6	27775000	27800000	0.79524275518032	1
chr6	27125000	27720000	0.0730978721445181	1
chr6	27135000	27745000	0.069262606943411	1
chr6	27110000	27835000	0.068294026128828	1
chr6	27825000	27850000	0.794832033652425	1
chr6	26365000	26460000	0.205172009339196	1
chr6	26115000	26140000	0.793963925105512	1
chr6	27725000	27750000	0.793371309303284	1
chr6	26610000	27065000	0.0793408180812737	1
chr6	26710000	26935000	0.107899384491129	1
chr6	26395000	26455000	0.307780361470571	1
chr6	26785000	27025000	0.107801195387118	1
chr6	27160000	27750000	0.0727929536947108	1
chr6	26350000	26410000	0.307122145804292	1
chr6	26400000	26475000	0.249103569717787	1
chr6	26365000	26465000	0.199529442846821	1
chr6	26440000	26500000	0.305922109904633	1
chr6	26695000	26795000	0.199147707119311	1
chr6	26400000	26460000	0.30577163916045	1
chr6	26205000	26280000	0.248507214317247	1
chr6	26355000	26540000	0.123002814862844	1
chr6	26430000	26490000	0.305352441207205	1
chr6	26400000	26500000	0.197597133999503	1
chr6	26235000	26280000	0.414916496731758	1
chr6	26930000	26975000	0.414886700921714	1
chr6	26285000	26560000	0.0971343342039663	1
chr6	26630000	26785000	0.139208206477249	1
chr6	26360000	26460000	0.196045715782236	1
chr6	26395000	26440000	0.414417275473186	1
chr6	26360000	26420000	0.304971769802911	1
chr6	26350000	26545000	0.117921866611325	1
chr6	26420000	26495000	0.247246464087785	1
chr6	26610000	27090000	0.073812154827179	1
chr6	26375000	26535000	0.13698109381784	1
chr6	26395000	26490000	0.202767387116898	1
chr6	26290000	26525000	0.105184535647685	1
chr6	26785000	27165000	0.0832523401453189	1
chr6	26445000	26505000	0.304850940463997	1
chr6	26390000	26485000	0.20232173141559	1
chr6	26350000	26450000	0.195379541540799	1
chr6	26720000	27335000	0.0678069826813872	1
chr6	26390000	26490000	0.194942239733771	1
chr6	27125000	27780000	0.0664473606215388	1
chr6	26175000	26220000	0.413405130843722	1
chr6	26630000	27050000	0.0788016785070991	1
chr6	26620000	27045000	0.0767964104016472	1
chr6	26735000	27585000	0.0655496919380455	1
chr6	26200000	26225000	0.790595155642834	1
chr6	26110000	26155000	0.412957322328591	1
chr6	26410000	26505000	0.201173301719419	1
chr6	27670000	27715000	0.411981227817429	1
chr6	26330000	26490000	0.134921431143408	1
chr6	26605000	27065000	0.0733654489763364	1
chr6	26470000	26515000	0.411816016436103	1
chr6	26385000	26500000	0.171496747523177	1
chr6	26325000	26520000	0.115716629568478	1
chr6	26385000	26480000	0.200511213959368	1
chr6	26345000	26390000	0.411340506679732	1
chr6	26360000	26405000	0.411538512139765	1
chr6	26430000	26475000	0.411469838041069	1
chr6	26610000	27010000	0.0801826850193403	1
chr6	27130000	27740000	0.0651928122984173	1
chr6	26600000	27090000	0.0733370680555757	1
chr6	26040000	26115000	0.24472007694001	1
chr6	26105000	26150000	0.410734318053667	1
chr6	26305000	26520000	0.108708565294341	1
chr6	26430000	26505000	0.244220732412886	1
chr6	27775000	27850000	0.243960713977501	1
chr6	26290000	26555000	0.0942735806150224	1
chr6	26590000	26775000	0.119365294326263	1
chr6	26305000	26540000	0.103876452420095	1
chr6	26340000	26385000	0.410338467318295	1
chr6	26350000	26395000	0.410301494844152	1
chr6	26785000	27075000	0.0932635484507547	1
chr6	27150000	27715000	0.0681256281309207	1
chr6	26610000	26920000	0.0871499383086412	1
chr6	27485000	27720000	0.103246327485896	1
chr6	26385000	26510000	0.159560110507576	1
chr6	26390000	26515000	0.159604865668844	1
chr6	26315000	26585000	0.0947443444937762	1
chr6	26675000	26950000	0.0943939296114984	1
chr6	26350000	26500000	0.140405269509602	1
chr6	26335000	26380000	0.408938206213159	1
chr6	26445000	26490000	0.409161516291824	1
chr6	26370000	26465000	0.199075986373214	1
chr6	26310000	26575000	0.0939168604841055	1
chr6	26200000	26245000	0.408649354426019	1
chr6	26605000	27025000	0.0751371297782441	1
chr6	26210000	26255000	0.408546688490754	1
chr6	27130000	27725000	0.0680681372950552	1
chr6	26440000	26485000	0.407979473455107	1
chr6	26385000	26505000	0.162970995002249	1
chr6	26720000	27285000	0.0670411513260589	1
chr6	26335000	26410000	0.241430232535574	1
chr6	26390000	26465000	0.241479816955338	1
chr6	26785000	27045000	0.095490891335675	1
chr6	26050000	26125000	0.241005905017969	1
chr6	26200000	26275000	0.241011786201499	1
chr6	27130000	27730000	0.0655233968340917	1
chr6	26160000	26205000	0.407283886276551	1
chr6	27665000	27710000	0.407409671939397	1
chr6	26300000	26570000	0.0927072435886377	1
chr6	26370000	26445000	0.240945750452031	1
chr6	26215000	26260000	0.406416786076578	1
chr6	26355000	26400000	0.406645111927686	1
chr6	26775000	26820000	0.406627161086206	1
chr6	26885000	26930000	0.406217592326537	1
chr6	26180000	26225000	0.405761986752008	1
chr6	27325000	27370000	0.405662748547019	1
chr6	26345000	26530000	0.116063918831544	1
chr6	27155000	27730000	0.0653018380999905	1
chr6	26735000	27045000	0.0844974106049908	1
chr6	26365000	26440000	0.239632149103693	1
chr6	27145000	27775000	0.0643785652017947	1
chr6	26610000	27030000	0.0737752832132637	1
chr6	26305000	26575000	0.0917459426776453	1
chr6	26185000	26280000	0.196163699649898	1
chr6	27125000	27740000	0.0633737480706496	1
chr6	26365000	26480000	0.167191501920361	1
chr6	26360000	26450000	0.203388743918072	1
chr6	26630000	27040000	0.0752538785824475	1
chr6	26055000	26130000	0.238218167414248	1
chr6	26330000	26505000	0.120530120727141	1
chr6	26325000	26590000	0.0912688104915104	1
chr6	26340000	26435000	0.194586168438844	1
chr6	27480000	27715000	0.0990060228341137	1
chr6	27140000	27740000	0.0642860786300268	1
chr6	26295000	26570000	0.089865980547125	1
chr6	27155000	27745000	0.0648578643556698	1
chr6	26620000	26835000	0.104660103614957	1
chr6	26685000	26855000	0.122122354190355	1
chr6	27140000	27720000	0.0640843448788407	1
chr6	26365000	26535000	0.121807544287124	1
chr6	27115000	27790000	0.0615721244786203	1
chr6	27135000	27730000	0.0648896734136631	1
chr6	27150000	27775000	0.0613012975661225	1
chr6	27115000	27795000	0.0611725222769485	1
chr6	26360000	26525000	0.122136929993981	1
chr6	26360000	26455000	0.192388004887804	1
chr6	26735000	27165000	0.0724783394263963	1
chr6	26385000	26495000	0.168974486355995	1
chr6	26395000	26510000	0.164019997525555	1
chr6	27125000	27735000	0.0602829406218161	1
chr6	26600000	27035000	0.0704137030394374	1
chr6	26620000	27030000	0.0730402359960084	1
chr6	27155000	27740000	0.0628774262550567	1
chr6	26335000	26425000	0.198844306573769	1
chr6	26175000	26265000	0.198715418018351	1
chr6	26785000	26875000	0.198611141919339	1
chr6	26285000	26540000	0.0917582959826444	1
chr6	26635000	26810000	0.116812245650637	1
chr6	26190000	26280000	0.198262594639017	1
chr6	26125000	26200000	0.234435524339536	1
chr6	27130000	27745000	0.0607978634954394	1
chr6	26400000	26490000	0.197830586492415	1
chr6	26040000	26200000	0.123756704277162	1
chr6	26350000	26565000	0.102116967441774	1
chr6	26120000	26190000	0.251055536732051	1
chr6	26430000	26500000	0.251325662176202	1
chr6	26400000	26455000	0.319157773874208	1
chr6	26610000	26720000	0.16700803620507	1
chr6	26620000	27080000	0.0670781198292181	1
chr6	27650000	27720000	0.250787137726276	1
chr6	26785000	26965000	0.113423485995195	1
chr6	26500000	26720000	0.0999305518490026	1
chr6	26640000	26785000	0.133648386762155	1
chr6	26625000	27070000	0.0693036355764951	1
chr6	26620000	27055000	0.0694117035883605	1
chr6	26355000	26560000	0.104357824684192	1
chr6	26360000	26435000	0.233153621029649	1
chr6	26355000	26495000	0.137065867304909	1
chr6	26380000	26490000	0.166356420906771	1
chr6	27095000	27760000	0.0605285755101027	1
chr6	26180000	26270000	0.196275509761208	1
chr6	26045000	26155000	0.166115587836533	1
chr6	26475000	26530000	0.317134115037881	1
chr6	27770000	27865000	0.188895595729808	1
chr6	26385000	26475000	0.195933454993768	1
chr6	26355000	26520000	0.119619402382734	1
chr6	26230000	26735000	0.0639967812991631	1
chr6	26640000	26775000	0.139187571497935	1
chr6	26645000	26735000	0.195258067289969	1
chr6	26605000	27030000	0.0702827954205405	1
chr6	26635000	26770000	0.139055616611383	1
chr6	26625000	27065000	0.0681064806779828	1
chr6	26335000	26575000	0.0926829121448887	1
chr6	26405000	26460000	0.315984749059551	1
chr6	26665000	27045000	0.0717592048778242	1
chr6	27125000	27865000	0.0590378894551791	1
chr6	26640000	27045000	0.0697462198531592	1
chr6	26165000	26235000	0.248005480673873	1
chr6	27100000	27865000	0.0582195183907405	1
chr6	27135000	27715000	0.0611618469928886	1
chr6	26900000	26955000	0.315526143931926	1
chr6	26350000	26460000	0.164237129577064	1
chr6	26600000	27095000	0.0637972351797809	1
chr6	27160000	27765000	0.060478935800042	1
chr6	26325000	26465000	0.135087982441914	1
chr6	26345000	26570000	0.0944033888443335	1
chr6	26400000	26510000	0.163859493581431	1
chr6	26380000	26515000	0.137759908338951	1
chr6	26735000	27305000	0.0606349712894736	1
chr6	26630000	27070000	0.0668374058222959	1
chr6	26335000	26450000	0.158305120859122	1
chr6	26810000	26880000	0.246950039761808	1
chr6	26300000	26535000	0.0931528662396901	1
chr6	26365000	26450000	0.203237111820894	1
chr6	26360000	26490000	0.140663672633628	1
chr6	26330000	26510000	0.110239694348408	1
chr6	27140000	27725000	0.0601907600464482	1
chr6	26350000	26405000	0.313593135252165	1
chr6	26370000	26500000	0.140385507373704	1
chr6	26365000	26500000	0.137050359886869	1
chr6	26425000	26515000	0.192381889627406	1
chr6	27120000	27720000	0.0595037030673978	1
chr6	26415000	26470000	0.31284586103769	1
chr6	26040000	26110000	0.245366961215106	1
chr6	26355000	26490000	0.136613563554493	1
chr6	26350000	26585000	0.0919461947502363	1
chr6	26340000	26470000	0.139764455581933	1
chr6	27775000	27845000	0.245002541887266	1
chr6	27120000	27735000	0.0582340142270122	1
chr6	26400000	26485000	0.201355564472291	1
chr6	26385000	26490000	0.16745425732438	1
chr6	26380000	26450000	0.244716541705173	1
chr6	26315000	26590000	0.0841064034202979	1
chr6	26685000	26755000	0.244310095714013	1
chr6	26365000	26550000	0.107216848513069	1
chr6	26410000	26480000	0.244221592984748	1
chr6	26355000	26410000	0.311052459368061	1
chr6	26350000	26590000	0.0897720592905596	1
chr6	26360000	26465000	0.166266083854699	1
chr6	26430000	26515000	0.20070459846316	1
chr6	26355000	26550000	0.103065426436176	1
chr6	26705000	26840000	0.135801408357647	1
chr6	26705000	26830000	0.144290208516463	1
chr6	26590000	27060000	0.0635184978501937	1
chr6	26195000	26280000	0.199894491010226	1
chr6	26445000	26500000	0.310055339196177	1
chr6	27100000	27800000	0.0560332338668199	1
chr6	26905000	27015000	0.160620354209683	1
chr6	26720000	27210000	0.0623193430931385	1
chr6	26195000	26250000	0.309428508008003	1
chr6	26210000	26265000	0.30943082716097	1
chr6	26450000	26505000	0.309130925407921	1
chr6	26585000	27055000	0.0629292253844144	1
chr6	26205000	26260000	0.308971118234463	1
chr6	26040000	26095000	0.308868864028414	1
chr6	26460000	26515000	0.308848069490941	1
chr6	27130000	27775000	0.0563219595701621	1
chr6	26370000	26475000	0.164764017250741	1
chr6	27120000	27740000	0.0559623277921318	1
chr6	27165000	27750000	0.0582504412198184	1
chr6	27285000	27390000	0.164691345751439	1
chr6	27095000	27860000	0.0543607794594898	1
chr6	27115000	27725000	0.0557429486264931	1
chr6	26710000	27070000	0.0697271142341687	1
chr6	26470000	26525000	0.308287394473952	1
chr6	26175000	26245000	0.241181005772565	1
chr6	26345000	26415000	0.241286264759024	1
chr6	26405000	26475000	0.24123143718466	1
chr6	27140000	27470000	0.0742775585139268	1
chr6	26370000	26530000	0.11725352934276	1
chr6	26180000	26265000	0.198217214311508	1
chr6	26395000	26480000	0.198204751953052	1
chr6	26360000	26545000	0.105072745693579	1
chr6	26300000	26530000	0.0903164621880898	1
chr6	26385000	26470000	0.198144358548419	1
chr6	26335000	26420000	0.198136559457687	1
chr6	27115000	27785000	0.0553286362095119	1
chr6	26430000	26485000	0.307443134990974	1
chr6	26930000	26985000	0.307484599056764	1
chr6	26420000	26505000	0.198094298679613	1
chr6	26615000	27070000	0.063587217521204	1
chr6	27105000	27860000	0.0537407783734132	1
chr6	26605000	26785000	0.106376594872739	1
chr6	26065000	26150000	0.197738371527208	1
chr6	26735000	27505000	0.0543006101521575	1
chr6	26380000	26535000	0.119839108663884	1
chr6	27110000	27760000	0.0552277079996786	1
chr6	26710000	26970000	0.0834972385749573	1
chr6	26220000	26275000	0.307160369244916	1
chr6	26340000	26425000	0.197680890838339	1
chr6	27165000	27545000	0.067659708262273	1
chr6	26370000	26480000	0.158050388765281	1
chr6	27165000	27755000	0.0578315613605867	1
chr6	26355000	26530000	0.108440324321299	1
chr6	26325000	26510000	0.104446383876165	1
chr6	26290000	26560000	0.0818952571979443	1
chr6	26825000	26880000	0.306848161486314	1
chr6	26170000	26275000	0.163376930623209	1
chr6	26335000	26595000	0.0831331592048573	1
chr6	26795000	26945000	0.122668034353159	1
chr6	26600000	27060000	0.0619052843728679	1
chr6	26320000	26585000	0.0826774218268005	1
chr6	26290000	26545000	0.0840720763322932	1
chr6	27480000	27565000	0.196991923493605	1
chr6	27770000	27855000	0.196862040226331	1
chr6	26350000	26435000	0.196837590948338	1
chr6	26300000	26580000	0.079609646023543	1
chr6	26690000	26760000	0.239366741562363	1
chr6	27335000	27405000	0.239294963748704	1
chr6	26705000	26885000	0.105184697537327	1
chr6	26360000	26550000	0.101721420651534	1
chr6	26295000	26590000	0.0772766859222878	1
chr6	26190000	26735000	0.0588535923479741	1
chr6	26300000	26560000	0.0827495565734681	1
chr6	26330000	26460000	0.135526312747914	1
chr6	26175000	26230000	0.30567532930011	1
chr6	26360000	26565000	0.0962154968047486	1
chr6	26055000	26160000	0.162269899532869	1
chr6	26940000	27045000	0.162244647468589	1
chr6	26585000	27085000	0.0597293676245583	1
chr6	26345000	26470000	0.140312180437782	1
chr6	26380000	26485000	0.161877456104775	1
chr6	26290000	26550000	0.0823272591763559	1
chr6	27760000	27865000	0.161560803748084	1
chr6	26390000	26460000	0.237764118398459	1
chr6	26925000	27050000	0.139959794270414	1
chr6	26415000	26485000	0.237666153308295	1
chr6	26440000	26495000	0.30449461484217	1
chr6	26710000	27260000	0.0574649173857192	1
chr6	27170000	27755000	0.0565217609374982	1
chr6	26950000	27035000	0.195429519048323	1
chr6	26275000	27100000	0.0522947050810576	1
chr6	26365000	26495000	0.134520870110588	1
chr6	26445000	26515000	0.236717444060468	1
chr6	26375000	26475000	0.168287087736927	1
chr6	26720000	27025000	0.0743966204420932	1
chr6	26345000	26400000	0.303388358201563	1
chr6	27155000	27710000	0.0569367000751075	1
chr6	27125000	27725000	0.0551574566469006	1
chr6	26720000	26980000	0.0813877299280833	1
chr6	26350000	26470000	0.14312347959116	1
chr6	26785000	27365000	0.0559563314510784	1
chr6	27115000	27755000	0.0533707690969777	1
chr6	26370000	26490000	0.142828029967953	1
chr6	27290000	27755000	0.0601012459767665	1
chr6	26375000	26495000	0.142494074947182	1
chr6	26785000	27255000	0.0593881260106362	1
chr6	26365000	26555000	0.0993609512728617	1
chr6	27125000	27745000	0.0534574244993293	1
chr6	26055000	26200000	0.121877616494199	1
chr6	26350000	26560000	0.0922680447736205	1
chr6	26595000	27075000	0.0586032222615768	1
chr6	26365000	26545000	0.102819164612208	1
chr6	26345000	26425000	0.204426969026613	1
chr6	27105000	27835000	0.0510548467631508	1
chr6	27150000	27740000	0.0552652238646354	1
chr6	26185000	26310000	0.137559184954901	1
chr6	26380000	26500000	0.141811511712468	1
chr6	27130000	27715000	0.0549769174757225	1
chr6	26610000	27025000	0.0627785458744477	1
chr6	27110000	27865000	0.0507015173818693	1
chr6	26215000	26280000	0.250927276375896	1
chr6	26680000	26845000	0.108828125748415	1
chr6	26605000	26990000	0.06419167285929	1
chr6	26735000	26970000	0.0847681281971005	1
chr6	26320000	26500000	0.101836376854594	1
chr6	26345000	26590000	0.0822165431527761	1
chr6	26705000	26805000	0.165291269118278	1
chr6	26320000	26580000	0.0792259465880792	1
chr6	27150000	27725000	0.0542771068799825	1
chr6	26605000	27020000	0.062409585135421	1
chr6	27150000	27710000	0.0552238810100141	1
chr6	26335000	26480000	0.120509252110951	1
chr6	26330000	26500000	0.106547549501051	1
chr6	26615000	27085000	0.0580135777670737	1
chr6	27100000	27765000	0.0516383899884057	1
chr6	27135000	27465000	0.0692948233690922	1
chr6	26385000	26485000	0.16474593234605	1
chr6	27120000	27745000	0.0519868463155933	1
chr6	26340000	26585000	0.081796460171536	1
chr6	26935000	27055000	0.140217572588665	1
chr6	26285000	26530000	0.0817457913972627	1
chr6	26810000	26875000	0.249747999301383	1
chr6	27140000	27710000	0.0541004526320264	1
chr6	27120000	27785000	0.0514997561681593	1
chr6	26340000	26440000	0.163987524397539	1
chr6	27155000	27715000	0.0545587753200752	1
chr6	27120000	27725000	0.0526484025676043	1
chr6	26675000	26875000	0.0936052780543941	1
chr6	26735000	27010000	0.0766890183841117	1
chr6	26445000	26525000	0.201227330505769	1
chr6	26610000	26925000	0.0704227848445501	1
chr6	26320000	26595000	0.0763367009113761	1
chr6	26430000	26495000	0.248061537797973	1
chr6	26300000	26525000	0.0855500926174934	1
chr6	26925000	27010000	0.189214734602961	1
chr6	26345000	26585000	0.0815947113753279	1
chr6	26380000	26475000	0.170538785319034	1
chr6	26350000	26575000	0.0852828863028163	1
chr6	26400000	26480000	0.200326311721837	1
chr6	26045000	26125000	0.200306988174155	1
chr6	27145000	27485000	0.0659748620609499	1
chr6	26705000	26810000	0.155602713671602	1
chr6	26725000	26965000	0.0813646785978121	1
chr6	27160000	27730000	0.0528438419530676	1
chr6	26340000	26480000	0.12184458352926	1
chr6	27105000	27805000	0.0494093826412881	1
chr6	26655000	26720000	0.246779390894803	1
chr6	26580000	26785000	0.0900255400376692	1
chr6	26370000	26505000	0.124922700871427	1
chr6	26340000	26405000	0.246195180071003	1
chr6	27480000	27765000	0.0731810786042957	1
chr6	26355000	26420000	0.246181538190513	1
chr6	27775000	27840000	0.246168261516774	1
chr6	26360000	26480000	0.137504059250148	1
chr6	26625000	26990000	0.0632888182128644	1
chr6	26615000	26955000	0.0651483613416543	1
chr6	26630000	26915000	0.0727977306614119	1
chr6	26390000	26455000	0.245751363536361	1
chr6	26285000	26565000	0.0737251359823512	1
chr6	26385000	26530000	0.117118261329839	1
chr6	26595000	27080000	0.0551563401341143	1
chr6	26365000	26530000	0.104979327617829	1
chr6	26175000	26240000	0.245581835600812	1
chr6	26785000	27180000	0.0607123562579702	1
chr6	26580000	27095000	0.0536219071094592	1
chr6	27145000	27445000	0.0698036708436238	1
chr6	26615000	27065000	0.0566300934945811	1
chr6	26405000	26485000	0.198052442748798	1
chr6	26060000	26160000	0.159893891811672	1
chr6	26625000	27075000	0.0564719877508023	1
chr6	26390000	26525000	0.123659296180499	1
chr6	26380000	26540000	0.107289102736929	1
chr6	26605000	27010000	0.0595049099023444	1
chr6	26275000	26550000	0.0739829632947368	1
chr6	26560000	26785000	0.0834224998867432	1
chr6	26675000	26900000	0.0834193757673112	1
chr6	26390000	26470000	0.197587196358234	1
chr6	26210000	26275000	0.2442822467212	1
chr6	26785000	26970000	0.0959237255354836	1
chr6	26660000	26930000	0.0744887782445044	1
chr6	26605000	27120000	0.0531542676961907	1
chr6	26700000	26795000	0.167349398446807	1
chr6	26290000	26565000	0.0737457651002387	1
chr6	26385000	26465000	0.197254273164128	1
chr6	27110000	27830000	0.0476220117087341	1
chr6	26350000	26465000	0.140755147110315	1
chr6	26040000	26105000	0.24389481357308	1
chr6	27140000	27735000	0.0506359301091816	1
chr6	26360000	26475000	0.140694434161311	1
chr6	26335000	26455000	0.13571504801054	1
chr6	26320000	26510000	0.0932401135731452	1
chr6	26700000	26890000	0.0932414710144954	1
chr6	26345000	26440000	0.166908563479269	1
chr6	27800000	27865000	0.243676352938815	1
chr6	26720000	27045000	0.0658809388817762	1
chr6	26630000	27010000	0.0603790048370171	1
chr6	27155000	27770000	0.0493013400183899	1
chr6	26450000	26515000	0.243247028179429	1
chr6	26320000	26590000	0.0739518837446816	1
chr6	26800000	26895000	0.16621168292237	1
chr6	26635000	27065000	0.0575467120817001	1
chr6	26885000	27065000	0.0968970214711811	1
chr6	26350000	26430000	0.196220485636031	1
chr6	26335000	26415000	0.196172615191184	1
chr6	26775000	27315000	0.0520157727733112	1
chr6	26375000	26505000	0.125500395245096	1
chr6	26105000	26185000	0.196030362908483	1
chr6	26610000	26995000	0.0598435885600205	1
chr6	26370000	26535000	0.102862227718229	1
chr6	26175000	26255000	0.19583508076927	1
chr6	26170000	26265000	0.165837579757853	1
chr6	26075000	26115000	0.419521728080511	1
chr6	26775000	26935000	0.105791820147909	1
chr6	27130000	27720000	0.0504489283435423	1
chr6	26690000	26965000	0.0726650194273193	1
chr6	26380000	26495000	0.139519117160178	1
chr6	26775000	27470000	0.0473160467516678	1
chr6	26190000	27100000	0.0466263373048909	1
chr6	26620000	26930000	0.0665229131499372	1
chr6	26440000	26480000	0.418192703220837	1
chr6	26290000	26535000	0.0767147513015782	1
chr6	26720000	27040000	0.0653466618153892	1
chr6	27100000	27830000	0.0462805643174704	1
chr6	27280000	27710000	0.0565143591938336	1
chr6	26935000	27000000	0.241107051071623	1
chr6	26060000	26140000	0.194494677138037	1
chr6	26330000	26475000	0.113947642830086	1
chr6	27095000	27765000	0.0475020136575768	1
chr6	26355000	26470000	0.138272509357627	1
chr6	26295000	26560000	0.0729966618466774	1
chr6	26055000	26195000	0.117070213550925	1
chr6	26520000	26560000	0.417063758410391	1
chr6	27125000	27860000	0.0459225999826697	1
chr6	26600000	27020000	0.0567473286395583	1
chr6	27115000	27830000	0.0459591902828302	1
chr6	26370000	26510000	0.116829008927114	1
chr6	26615000	27030000	0.0573580360313895	1
chr6	26640000	26910000	0.0722242880185192	1
chr6	27280000	27480000	0.0879936242267625	1
chr6	27155000	27735000	0.0494933634120215	1
chr6	26040000	26155000	0.137426464673449	1
chr6	26395000	26525000	0.122997674867972	1
chr6	26735000	27030000	0.0677174996839049	1
chr6	26775000	27530000	0.0454988336514962	1
chr6	27765000	27860000	0.163100957604478	1
chr6	26385000	26515000	0.122792717440844	1
chr6	26125000	26190000	0.239282905935558	1
chr6	26320000	26575000	0.0737753412318683	1
chr6	27120000	27865000	0.0454988178894055	1
chr6	26465000	26505000	0.4152117979595	1
chr6	27165000	27695000	0.0504333131034661	1
chr6	26580000	27060000	0.052232108624179	1
chr6	27155000	27480000	0.0634113043817035	1
chr6	27180000	27760000	0.0490211963154951	1
chr6	26200000	26240000	0.414808615224415	1
chr6	26240000	26280000	0.414781806117937	1
chr6	26405000	26470000	0.238709680092146	1
chr6	26460000	26500000	0.414530825390177	1
chr6	26695000	26805000	0.141784503107885	1
chr6	26785000	27445000	0.0461515771520721	1
chr6	26285000	26580000	0.0667080723128319	1
chr6	26445000	26535000	0.170337171521327	1
chr6	26690000	26925000	0.0766834943754276	1
chr6	26590000	27055000	0.0521735183693862	1
chr6	27145000	27710000	0.0490491453758691	1
chr6	26280000	26540000	0.0717435870030927	1
chr6	26290000	26575000	0.0683632341926058	1
chr6	27130000	27780000	0.0466401999560107	1
chr6	26435000	26525000	0.170059293395311	1
chr6	26685000	26865000	0.0930638499554104	1
chr6	27115000	27740000	0.0466386448092506	1
chr6	26735000	27180000	0.0532500391153482	1
chr6	27720000	27760000	0.412751267265747	1
chr6	26225000	26265000	0.412738676429369	1
chr6	26720000	27450000	0.0446622626039365	1
chr6	26600000	27025000	0.0548056532689492	1
chr6	26690000	26800000	0.140676498257265	1
chr6	27150000	27475000	0.0623622536257219	1
chr6	26165000	26205000	0.412414480271496	1
chr6	26175000	26560000	0.0566311370144473	1
chr6	26055000	26190000	0.11764831823644	1
chr6	26230000	26270000	0.412021247356939	1
chr6	26775000	27020000	0.0739123681327352	1
chr6	27280000	27575000	0.0659048195747002	1
chr6	26310000	26735000	0.0544792386031066	1
chr6	27330000	27370000	0.411754198338939	1
chr6	26645000	27040000	0.0560675350942993	1
chr6	26475000	26525000	0.316065155283119	1
chr6	26325000	26580000	0.0719955424679464	1
chr6	26600000	27075000	0.0506558494118445	1
chr6	26275000	26520000	0.0736151674134833	1
chr6	26360000	26510000	0.106944498892338	1
chr6	26130000	26170000	0.411101978646994	1
chr6	27105000	27855000	0.043695335361574	1
chr6	26690000	26820000	0.119707606912829	1
chr6	26620000	26995000	0.056787974591721	1
chr6	26625000	26960000	0.060454027469515	1
chr6	26380000	26530000	0.106500251999169	1
chr6	27805000	27845000	0.410302629637897	1
chr6	26435000	26545000	0.139171581567123	1
chr6	26590000	27035000	0.0521596077875562	1
chr6	26245000	26285000	0.409903917520692	1
chr6	26360000	26555000	0.0861633749497081	1
chr6	26160000	26210000	0.314294843158733	1
chr6	26595000	27090000	0.049820761202922	1
chr6	26170000	26210000	0.409697125858176	1
chr6	27140000	27465000	0.0611150761713366	1
chr6	26045000	26085000	0.409584403715016	1
chr6	27115000	27720000	0.0460923644708319	1
chr6	27120000	27755000	0.0453245908813355	1
chr6	27370000	27410000	0.409238707521134	1
chr6	26125000	26175000	0.313644516809434	1
chr6	26625000	27030000	0.0546588444116102	1
chr6	26910000	26985000	0.200981642485257	1
chr6	27810000	27860000	0.31354378937538	1
chr6	26380000	26420000	0.408886432121149	1
chr6	26065000	26140000	0.200936481089767	1
chr6	26425000	26475000	0.313441103655027	1
chr6	26210000	26260000	0.313412856566615	1
chr6	26180000	26275000	0.158206902991861	1
chr6	26365000	26540000	0.0930158841496927	1
chr6	26450000	26490000	0.408675931525766	1
chr6	27665000	27705000	0.408591662544266	1
chr6	26690000	26860000	0.0950726545859885	1
chr6	26400000	26450000	0.313066850060401	1
chr6	26395000	26540000	0.10805454948659	1
chr6	26690000	26815000	0.122662343943814	1
chr6	26205000	26255000	0.312726698324339	1
chr6	26595000	27070000	0.0492353516540553	1
chr6	27670000	27710000	0.407602460164797	1
chr6	26615000	26900000	0.0657158128250608	1
chr6	26650000	26775000	0.122366187138099	1
chr6	26770000	27065000	0.0639675207881863	1
chr6	27160000	27595000	0.0520778766027912	1
chr6	26440000	26490000	0.312365347782333	1
chr6	27485000	27650000	0.0963756741466953	1
chr6	26325000	26500000	0.0922744618256376	1
chr6	26805000	26910000	0.142913034447384	1
chr6	26925000	26975000	0.31213877042877	1
chr6	26670000	26960000	0.0644841792254958	1
chr6	26635000	26910000	0.0669857192005447	1
chr6	27785000	27825000	0.407222915038697	1
chr6	26805000	26855000	0.312018791948658	1
chr6	26645000	26965000	0.0607041400020307	1
chr6	27135000	27720000	0.046149222094431	1
chr6	27175000	27500000	0.0599354129952293	1
chr6	26445000	26495000	0.311762844749448	1
chr6	26350000	26455000	0.142492865136642	1
chr6	26350000	26475000	0.121836468374385	1
chr6	26875000	27050000	0.091735532100762	1
chr6	26275000	26560000	0.0651111215825064	1
chr6	26455000	26505000	0.31144710866697	1
chr6	27345000	27420000	0.198935993647839	1
chr6	26775000	26900000	0.12159137884834	1
chr6	27445000	27720000	0.0665578959356668	1
chr6	26215000	26255000	0.406393407472175	1
chr6	26640000	26965000	0.0595617886441156	1
chr6	27100000	27840000	0.0426426684955679	1
chr6	26625000	26830000	0.0808030133142339	1
chr6	26605000	27115000	0.0479286304198697	1
chr6	26340000	26380000	0.405805396444297	1
chr6	26170000	26565000	0.0536628987135023	1
chr6	27155000	27560000	0.0531628216531248	1
chr6	27150000	27735000	0.0454100097223179	1
chr6	26595000	27030000	0.0512150301442166	1
chr6	26575000	27090000	0.0471471897532615	1
chr6	27090000	27770000	0.0428692870303152	1
chr6	26335000	26385000	0.31026018965132	1
chr6	26840000	26960000	0.12563037347177	1
chr6	26335000	26460000	0.120666574431165	1
chr6	26625000	27060000	0.0510599463096363	1
chr6	26195000	26245000	0.309999939387897	1
chr6	26335000	26375000	0.405081171022776	1
chr6	26210000	26250000	0.404946815978534	1
chr6	27160000	27715000	0.0460122536777184	1
chr6	26170000	26220000	0.30958282959756	1
chr6	26355000	26480000	0.120339847167272	1
chr6	27095000	27855000	0.0417592395812005	1
chr6	26855000	26905000	0.30939895635742	1
chr6	26840000	27040000	0.0817465252214792	1
chr6	26325000	26495000	0.0926777289061611	1
chr6	26380000	26470000	0.16348002842834	1
chr6	27360000	27400000	0.404238360475369	1
chr6	27125000	27730000	0.0440690238669816	1
chr6	26645000	26870000	0.0745243832838091	1
chr6	26370000	26520000	0.102559071507459	1
chr6	26330000	26465000	0.112370943266051	1
chr6	26295000	26555000	0.0675252988571499	1
chr6	26645000	27080000	0.0505463897037088	1
chr6	27280000	27760000	0.0480642461523062	1
chr6	26290000	26530000	0.0710775593733707	1
chr6	26460000	26510000	0.308640631388916	1
chr6	26345000	26435000	0.16271263169892	1
chr6	26370000	26545000	0.0898611827002903	1
chr6	26655000	26775000	0.124291972838811	1
chr6	26315000	26485000	0.0920218644389663	1
chr6	26370000	26515000	0.104933233347895	1
chr6	26685000	26880000	0.0824719487842163	1
chr6	26690000	26950000	0.0669589971317931	1
chr6	27485000	27575000	0.162281512583654	1
chr6	27145000	27450000	0.0605180362031146	1
chr6	27150000	27480000	0.0577230704337735	1
chr6	26195000	26285000	0.162259562567896	1
chr6	27105000	27760000	0.0427988365318866	1
chr6	26225000	26275000	0.307482696566808	1
chr6	26365000	26470000	0.139503433094042	1
chr6	26610000	26975000	0.0539068710283618	1
chr6	26365000	26515000	0.101504712789326	1
chr6	26735000	27435000	0.0419389315168544	1
chr6	26330000	26470000	0.107562745871941	1
chr6	26320000	26515000	0.0820747917941868	1
chr6	26605000	26920000	0.0590111864027471	1
chr6	26910000	27045000	0.111137861954815	1
chr6	26620000	26925000	0.0601707946232579	1
chr6	26630000	26985000	0.0543797662255391	1
chr6	27155000	27655000	0.046838020833486	1
chr6	26165000	26215000	0.306733422412228	1
chr6	27355000	27430000	0.194840400319425	1
chr6	26425000	26510000	0.17093382314341	1
chr6	26720000	27630000	0.0406306960573921	1
chr6	27090000	27765000	0.0418249062020157	1
chr6	26645000	26775000	0.113851944903915	1
chr6	26310000	26585000	0.0641073760368894	1
chr6	26405000	26480000	0.194427476727715	1
chr6	26915000	27040000	0.118037201730015	1
chr6	26610000	26985000	0.0526341537001423	1
chr6	27110000	27755000	0.042439162971257	1
chr6	27160000	27515000	0.0539296295359746	1
chr6	26710000	27035000	0.0568463445200765	1
chr6	26345000	26405000	0.247512611416897	1
chr6	27105000	27830000	0.0404945670964435	1
chr6	27335000	27395000	0.247315471688599	1
chr6	26670000	26860000	0.0820293518594801	1
chr6	26300000	26575000	0.0636513772154947	1
chr6	26470000	26530000	0.247285516770846	1
chr6	26655000	26900000	0.0683762879051114	1
chr6	26325000	26585000	0.0656894188207321	1
chr6	26345000	26450000	0.137883800297651	1
chr6	27165000	27760000	0.0432290311943951	1
chr6	26665000	26770000	0.137755295564908	1
chr6	26295000	26520000	0.0725430647487221	1
chr6	26060000	26145000	0.169653326119897	1
chr6	26680000	27050000	0.0525934021223279	1
chr6	26580000	27040000	0.0474267402772937	1
chr6	26200000	27110000	0.0400919283068972	1
chr6	26610000	27000000	0.0513035062369444	1
chr6	27115000	27735000	0.0421099136861945	1
chr6	26370000	26455000	0.16926651868814	1
chr6	27140000	27865000	0.040004464775213	1
chr6	27145000	27575000	0.0491732405262249	1
chr6	27655000	27715000	0.246089959503456	1
chr6	26720000	26880000	0.0937462552337157	1
chr6	26630000	27055000	0.0490146233368477	1
chr6	26620000	27065000	0.0476497265796196	1
chr6	27110000	27840000	0.0398162004070393	1
chr6	26415000	26515000	0.143041322672029	1
chr6	27115000	27730000	0.0418560751338127	1
chr6	27145000	27635000	0.0458268029367742	1
chr6	26270000	26320000	0.303478275544104	1
chr6	26180000	26280000	0.142888608956722	1
chr6	26775000	27065000	0.0603392679928389	1
chr6	27160000	27735000	0.0429456147907649	1
chr6	27120000	27855000	0.0396076059254031	1
chr6	26310000	26515000	0.076474366693354	1
chr6	26635000	27040000	0.0499769729682099	1
chr6	26170000	26200000	0.577227085935541	1
chr6	27095000	27805000	0.0398991271576641	1
chr6	27480000	27720000	0.0679962858488246	1
chr6	26615000	26795000	0.0844985027030115	1
chr6	26360000	26540000	0.084450534651079	1
chr6	26170000	26230000	0.244797752049528	1
chr6	26355000	26500000	0.101402875837853	1
chr6	26390000	26475000	0.167829200199216	1
chr6	26375000	26480000	0.135872381871276	1
chr6	26410000	26515000	0.135790005290393	1
chr6	27170000	27745000	0.0425942897680908	1
chr6	26355000	26475000	0.12023797965851	1
chr6	27115000	27835000	0.0392706629965718	1
chr6	27160000	27770000	0.0414108447644835	1
chr6	26685000	26820000	0.107821324268076	1
chr6	26205000	26265000	0.24429106678846	1
chr6	26690000	26855000	0.0902591250258563	1
chr6	26830000	26970000	0.104118670220252	1
chr6	26340000	26430000	0.157796447683419	1
chr6	26370000	26525000	0.0951001917846863	1
chr6	26345000	26445000	0.141751188696504	1
chr6	26600000	27105000	0.0442718648017549	1
chr6	26155000	26215000	0.243876777341643	1
chr6	26330000	26595000	0.0629461885715345	1
chr6	27145000	27650000	0.0441555993858517	1
chr6	26355000	26575000	0.0717773239187139	1
chr6	26620000	26955000	0.0542082855571091	1
chr6	26720000	27135000	0.0488940222628604	1
chr6	26610000	27015000	0.0492915449195422	1
chr6	26665000	26880000	0.0728686509525607	1
chr6	27100000	27835000	0.0387497598822873	1
chr6	26720000	26750000	0.575292059366857	1
chr6	26200000	27100000	0.0385757382640399	1
chr6	26370000	26485000	0.123828079823912	1
chr6	26775000	27240000	0.0455402578094387	1
chr6	26720000	26860000	0.103454589511637	1
chr6	26615000	27000000	0.04987235589135	1
chr6	26345000	26580000	0.0680151194982025	1
chr6	26595000	27035000	0.0467846195136485	1
chr6	26175000	26280000	0.13455664903894	1
chr6	27160000	27745000	0.0416893085164693	1
chr6	26120000	26180000	0.242870698604019	1
chr6	26605000	27005000	0.0493173842855569	1
chr6	26175000	26565000	0.0493997651374224	1
chr6	26345000	26575000	0.0687787546716251	1
chr6	26185000	26245000	0.242635622735978	1
chr6	26625000	27015000	0.0493668682115269	1
chr6	26280000	26565000	0.0597559701753561	1
chr6	27160000	27720000	0.0424152462785968	1
chr6	26670000	26870000	0.0765696626374658	1
chr6	27110000	27740000	0.040473394942031	1
chr6	26270000	26535000	0.0622033576443722	1
chr6	26695000	26850000	0.0938311559428448	1
chr6	26605000	27125000	0.0428877857484265	1
chr6	27160000	27475000	0.0554182899387998	1
chr6	27155000	27535000	0.0493515499905764	1
chr6	27100000	27760000	0.0394311070271717	1
chr6	26275000	26305000	0.573494283478545	1
chr6	26595000	27100000	0.0433987296271838	1
chr6	26935000	26965000	0.573444950091862	1
chr6	26690000	27045000	0.0511522758892566	1
chr6	27485000	27765000	0.0600590756894469	1
chr6	26210000	26240000	0.573228533802235	1
chr6	26630000	27045000	0.0480435708383337	1
chr6	26155000	26185000	0.572968748767216	1
