chr6	11655000	12075000	0.120201073215963	1
chr6	11655000	12230000	0.101973251384225	1
chr6	11655000	12285000	0.24531546895435	1
chr6	11655000	12290000	0.105925000436338	1
chr6	11695000	12010000	0.123779322923957	1
chr6	11700000	11830000	0.200874532866716	1
chr6	11700000	12005000	0.127462970540908	1
chr6	11700000	12010000	0.163796158914125	1
chr6	11700000	12060000	0.123828079823912	1
chr6	11705000	11825000	0.243676352938815	1
chr6	11705000	11830000	0.307546244594106	1
chr6	11710000	11730000	0.998316839446299	1
chr6	11710000	11820000	0.244724009519996	1
chr6	11710000	11825000	0.309065302261641	1
chr6	11710000	11830000	0.413840492533317	1
chr6	11710000	11835000	0.247020418342517	1
chr6	11710000	12010000	0.195005106245112	1
chr6	11710000	12020000	0.118405298237481	1
chr6	11715000	12010000	0.125244629604045	1
chr6	11720000	11825000	0.242868424788914	1
chr6	11720000	11830000	0.303478275544104	1
chr6	11725000	11820000	0.311793225263826	1
chr6	11725000	11825000	0.248487536040937	1
chr6	11725000	11830000	0.314566294866441	1
chr6	11725000	12010000	0.120748986812611	1
chr6	11725000	12060000	0.117199655735771	1
chr6	11730000	11780000	0.405378847656733	1
chr6	11730000	11820000	0.309943224280171	1
chr6	11730000	11825000	0.414538779331748	1
chr6	11730000	11830000	0.418192703220837	1
chr6	11730000	11835000	0.245766927107989	1
chr6	11735000	11755000	0.998469268027589	1
chr6	11735000	11765000	0.7934861930461	1
chr6	11735000	11775000	0.565663152082601	1
chr6	11735000	11780000	0.567085508468117	1
chr6	11735000	11785000	0.411675584478365	1
chr6	11735000	11830000	0.247312134989011	1
chr6	11740000	11760000	0.998360986687803	1
chr6	11740000	11765000	0.997880022610844	1
chr6	11740000	11770000	0.801352272529406	1
chr6	11740000	11780000	0.796406689472076	1
chr6	11740000	11800000	0.407718010972547	1
chr6	11740000	11815000	0.305690661215685	1
chr6	11740000	11820000	0.308141828496171	1
chr6	11745000	11765000	0.998688254570091	1
chr6	11745000	11775000	0.798903337884659	1
chr6	11745000	11780000	0.795589375184266	1
chr6	11750000	11770000	0.998463579382474	1
chr6	11750000	11775000	0.998171919577444	1
chr6	11750000	11780000	0.803139805834516	1
chr6	11755000	11775000	0.998449595794474	1
chr6	11760000	11780000	0.998473822055653	1
chr6	11780000	11810000	0.795785766239195	1
chr6	11785000	11815000	0.79960828963541	1
chr6	11785000	11820000	0.797998205330437	1
chr6	11785000	11825000	0.567359687778466	1
chr6	11790000	11810000	0.99999999999983	1
chr6	11790000	11815000	0.998331258315928	1
chr6	11790000	11820000	0.99795319549942	1
chr6	11795000	11815000	0.998601036078431	1
chr6	11800000	11820000	0.998284465168612	1
chr6	11825000	11875000	0.403338996405402	1
chr6	11825000	12010000	0.163110681513938	1
chr6	11830000	11875000	0.574501085927884	1
chr6	11830000	12005000	0.305352441207205	1
chr6	11830000	12010000	0.410424387384449	1
chr6	11835000	11855000	0.998347728893153	1
chr6	11835000	11865000	0.801112689807622	1
chr6	11835000	11870000	0.800371575662528	1
chr6	11835000	11875000	0.801364205082177	1
chr6	11835000	12005000	0.241141285930584	1
chr6	11840000	11860000	0.998221752503769	1
chr6	11840000	11865000	0.998502790413295	1
chr6	11840000	11870000	0.997871605280675	1
chr6	11840000	11875000	0.803490708441545	1
chr6	11840000	12005000	0.165695248425304	1
chr6	11845000	11865000	0.998345365507844	1
chr6	11845000	11870000	0.998633160478398	1
chr6	11845000	11875000	0.79926818112779	1
chr6	11850000	11870000	0.99852985209337	1
chr6	11875000	12005000	0.201996361408107	1
chr6	11880000	12000000	0.246248334021232	1
chr6	11880000	12005000	0.247409720939484	1
chr6	11885000	11905000	0.997527490524233	1
chr6	11890000	11910000	0.998490225016954	1
chr6	11890000	11995000	0.243346950792549	1
chr6	11900000	11920000	0.997730115812348	1
chr6	11905000	11950000	0.564855936094765	1
chr6	11925000	11955000	0.794980069771461	1
chr6	11940000	11960000	0.998123891381292	1
chr6	11950000	11970000	0.998214974547793	1
chr6	11975000	11995000	0.998089351818738	1
chr6	11975000	12000000	0.998196318652586	1
chr6	11975000	12005000	0.801151646173355	1
chr6	11980000	12000000	0.998041623538146	1
chr6	11980000	12005000	0.997842704974395	1
chr6	11985000	12005000	0.99804368986906	1
chr6	12010000	12050000	0.795489516681574	1
chr6	12010000	12060000	0.412175560562042	1
chr6	12015000	12035000	0.9990562177032	1
chr6	12015000	12040000	0.998520945567758	1
chr6	12015000	12045000	0.804198626881041	1
chr6	12015000	12055000	0.563495887798368	1
chr6	12020000	12040000	0.998500263100086	1
chr6	12025000	12045000	0.998169641529027	1
chr6	12065000	12085000	0.998356168387936	1
chr6	12065000	12105000	0.55851657331427	1
chr6	12065000	12110000	0.564883402397263	1
chr6	12070000	12090000	0.997968388439773	1
chr6	12075000	12095000	0.998265390029491	1
chr6	12075000	12105000	0.798371578792862	1
chr6	12080000	12100000	0.998037563408178	1
chr6	12085000	12105000	0.998543226213576	1
chr6	12120000	12140000	0.997964707959266	1
chr6	11940000	12005000	0.306256321564856	1
chr6	11710000	11780000	0.304048066567687	1
chr6	11715000	11785000	0.306648203647824	1
chr6	11735000	11825000	0.246094488791456	1
chr6	11710000	12015000	0.121503217073406	1
chr6	11655000	12040000	0.120035931302743	1
chr6	11655000	12280000	0.093186672274244	1
chr6	11740000	11775000	0.571369011800169	1
chr6	11730000	11815000	0.240904764518102	1
chr6	11820000	12005000	0.138868343180601	1
chr6	11700000	12015000	0.106301118767972	1
chr6	11700000	12090000	0.0931845631900488	1
chr6	11660000	12285000	0.0803733467780373	1
chr6	11850000	11980000	0.169872573741129	1
chr6	11835000	12010000	0.140433560436641	1
chr6	11705000	12020000	0.104013589123738	1
chr6	11725000	12045000	0.108923780343353	1
chr6	11710000	12040000	0.10364887547043	1
chr6	11735000	11770000	0.568168489644971	1
chr6	11930000	11965000	0.568366589426951	1
chr6	12010000	12045000	0.568615185337619	1
chr6	12075000	12110000	0.568131507232622	1
chr6	11895000	12005000	0.198611141919339	1
chr6	11715000	11830000	0.200170934860935	1
chr6	11700000	12020000	0.107379662628962	1
chr6	11695000	12075000	0.0932583195998124	1
chr6	11895000	11920000	0.806210037766824	1
chr6	12020000	12045000	0.80556558287818	1
chr6	11730000	11765000	0.567329488243188	1
chr6	11715000	12000000	0.103497046501614	1
chr6	11905000	11985000	0.244090146662176	1
chr6	11715000	11825000	0.197230695295009	1
chr6	11725000	12005000	0.104015443074131	1
chr6	11700000	12000000	0.105038509664911	1
chr6	11705000	12005000	0.106600009935615	1
chr6	11745000	11770000	0.802550397279335	1
chr6	11755000	11780000	0.801500033477521	1
chr6	11785000	11810000	0.802149665299979	1
chr6	11795000	11820000	0.802325291618609	1
chr6	11915000	11940000	0.802643244763989	1
chr6	12065000	12090000	0.802275857520058	1
chr6	12075000	12100000	0.803171974890081	1
chr6	11790000	11825000	0.565109795540571	1
chr6	11855000	11890000	0.563546770219857	1
chr6	12065000	12100000	0.563790506131821	1
chr6	12015000	12050000	0.563085680425912	1
chr6	11830000	12045000	0.120773495963676	1
chr6	11940000	11965000	0.799955997938083	1
chr6	12010000	12035000	0.799975434107916	1
chr6	11750000	11785000	0.562626717444175	1
chr6	11965000	12000000	0.562086047928196	1
chr6	12020000	12055000	0.562214648333849	1
chr6	11875000	11900000	0.798866068731098	1
chr6	11885000	11910000	0.799250503367681	1
chr6	12080000	12105000	0.798371178253215	1
chr6	12085000	12110000	0.798579243140545	1
chr6	11835000	11860000	0.798151360151455	1
chr6	11910000	11935000	0.798189060188181	1
chr6	12090000	12115000	0.797698156924038	1
chr6	11925000	11960000	0.560438478194774	1
chr6	11710000	12025000	0.095490891335675	1
chr6	12070000	12105000	0.558576553439388	1
chr6	11705000	11815000	0.193282973924787	1
chr6	11705000	12000000	0.102935577694889	1
chr6	11720000	12015000	0.102411807427203	1
chr6	11695000	12055000	0.0855500926174934	1
chr6	11880000	11905000	0.796356539113133	1
chr6	12170000	12195000	0.795700326884231	1
chr6	11855000	12010000	0.1429307660503	1
chr6	11725000	11785000	0.309036065082815	1
chr6	11705000	12015000	0.0914389606559645	1
chr6	11785000	11830000	0.417443086726252	1
chr6	11720000	11780000	0.308330029810507	1
chr6	11800000	11825000	0.79524275518032	1
chr6	11900000	11925000	0.795232164221443	1
chr6	11920000	11945000	0.794702858715871	1
chr6	11965000	11990000	0.794832033652425	1
chr6	12190000	12215000	0.794447941885249	1
chr6	11920000	11980000	0.307886638938575	1
chr6	11700000	11825000	0.163957080089454	1
chr6	11705000	12045000	0.0893955317778874	1
chr6	11885000	11930000	0.4159552622813	1
chr6	11700000	11820000	0.169043757550468	1
chr6	11755000	11800000	0.41433277570826	1
chr6	11695000	11925000	0.105955441762592	1
chr6	11660000	12290000	0.0682467172194993	1
chr6	11710000	12065000	0.0826203804079701	1
chr6	11730000	11850000	0.166928768207218	1
chr6	11730000	11805000	0.245724062033176	1
chr6	11710000	12005000	0.0921582980138716	1
chr6	11660000	12280000	0.0665453106364253	1
chr6	11740000	11785000	0.411538512139765	1
chr6	11655000	12005000	0.0833131825118779	1
chr6	11850000	11970000	0.166005676693393	1
chr6	11725000	11880000	0.136613563554493	1
chr6	11700000	12040000	0.0851605984567703	1
chr6	11710000	12050000	0.0855373952015034	1
chr6	11700000	12045000	0.0828951007687664	1
chr6	11735000	11810000	0.242675513400722	1
chr6	11885000	12005000	0.164760108588672	1
chr6	11730000	11875000	0.141337053325919	1
chr6	11885000	11960000	0.242560869837889	1
chr6	11720000	12000000	0.0915292208773298	1
chr6	11715000	11835000	0.163624721541241	1
chr6	11780000	11825000	0.407979473455107	1
chr6	11955000	12000000	0.407283886276551	1
chr6	11695000	11815000	0.162746060494593	1
chr6	11825000	12050000	0.101552699956395	1
chr6	11835000	11880000	0.405606168417696	1
chr6	11705000	12035000	0.0832543069348775	1
chr6	11655000	12275000	0.0637972351797809	1
chr6	11710000	12045000	0.083011309612887	1
chr6	11730000	11775000	0.404700247567294	1
chr6	11720000	11815000	0.195429519048323	1
chr6	11695000	12005000	0.0837186801946235	1
chr6	11720000	11835000	0.166668252256796	1
chr6	11705000	11780000	0.237085806037204	1
chr6	11655000	12235000	0.0642724034050792	1
chr6	11655000	12050000	0.0750410852066219	1
chr6	12070000	12115000	0.400063808329228	1
chr6	11825000	12045000	0.101075940835292	1
chr6	11655000	12010000	0.0756581134400113	1
chr6	11690000	12015000	0.0804941627680214	1
chr6	11740000	11810000	0.251055536732051	1
chr6	11870000	12005000	0.140487675293073	1
chr6	11700000	12025000	0.0801726349753367	1
chr6	11705000	12050000	0.0767147513015782	1
chr6	11655000	12045000	0.0735820232594935	1
chr6	11700000	12055000	0.0739331464377094	1
chr6	11715000	12005000	0.082683623882284	1
chr6	11710000	11840000	0.140723942295192	1
chr6	11730000	11785000	0.313470636424766	1
chr6	11910000	11965000	0.313403838865238	1
chr6	11730000	12010000	0.0831331592048573	1
chr6	11720000	12010000	0.0810320935116809	1
chr6	11695000	11830000	0.136325919271807	1
chr6	11695000	11980000	0.0811201115768917	1
chr6	11950000	12005000	0.311220014085825	1
chr6	11815000	12010000	0.103040016243802	1
chr6	11695000	11820000	0.144266483454609	1
chr6	11725000	11835000	0.160686458300293	1
chr6	11695000	11825000	0.138272509357627	1
chr6	11740000	11795000	0.309430491983026	1
chr6	11690000	12025000	0.0731269883695618	1
chr6	11730000	12050000	0.0747780334193039	1
chr6	11830000	12050000	0.0930716804615059	1
chr6	12060000	12115000	0.307484599056764	1
chr6	11710000	11815000	0.162970995002249	1
chr6	11735000	11790000	0.305919874580646	1
chr6	11730000	12055000	0.0726052773465274	1
chr6	11685000	11985000	0.0760312678546714	1
chr6	11705000	11850000	0.124291972838811	1
chr6	11690000	12005000	0.0739968038674741	1
chr6	11715000	12065000	0.0693484768279105	1
chr6	11660000	11975000	0.0739380670792393	1
chr6	11705000	12010000	0.0747416616036679	1
chr6	11735000	11820000	0.195374031798455	1
chr6	11835000	12045000	0.0934213002304328	1
chr6	11710000	11810000	0.168215579366437	1
chr6	11665000	12275000	0.0536882652217353	1
chr6	11715000	11875000	0.114325687396603	1
chr6	11655000	12070000	0.0637795770830207	1
chr6	11720000	12075000	0.0674472925487338	1
chr6	11735000	12010000	0.0790685482637269	1
chr6	11875000	12000000	0.137768571067214	1
chr6	11720000	11785000	0.251791513408737	1
chr6	11700000	12065000	0.066010761599236	1
chr6	11715000	12050000	0.0682873905890403	1
chr6	11895000	11995000	0.164973460779419	1
chr6	11715000	12055000	0.0670781198292181	1
chr6	11705000	11820000	0.145721365970689	1
chr6	11695000	11985000	0.0737753412318683	1
chr6	11710000	11880000	0.105637977897186	1
chr6	11685000	12005000	0.0692237028436833	1
chr6	11735000	11835000	0.16271263169892	1
chr6	11720000	12005000	0.0733342278035595	1
chr6	11705000	12065000	0.0635762203375714	1
chr6	11700000	12050000	0.064756589949798	1
chr6	11835000	12000000	0.105155139350125	1
chr6	11695000	11835000	0.119839108663884	1
chr6	11700000	11780000	0.197815889120497	1
chr6	11735000	11815000	0.197232747840763	1
chr6	11740000	11805000	0.243848557468628	1
chr6	11695000	12070000	0.0609826379987995	1
chr6	11920000	11985000	0.243420750126793	1
chr6	11895000	11990000	0.166216061551998	1
chr6	11750000	11815000	0.242946377315402	1
chr6	11660000	12240000	0.0509303961217827	1
chr6	11655000	12270000	0.0488058453301617	1
chr6	11655000	12120000	0.0548056532689492	1
chr6	11695000	12115000	0.0575986253137606	1
chr6	11710000	11870000	0.105487836353649	1
chr6	11835000	11975000	0.117650202746695	1
chr6	11705000	11870000	0.102018693713063	1
chr6	11830000	12060000	0.0801826850193403	1
chr6	11715000	12035000	0.0652736374954019	1
chr6	11670000	12035000	0.0605285755101027	1
chr6	11660000	12045000	0.0587215108666365	1
chr6	11675000	11995000	0.0647974518358752	1
chr6	11730000	11810000	0.192125077294544	1
chr6	11865000	11975000	0.141715171872401	1
chr6	11700000	11880000	0.0936425620271823	1
chr6	11700000	11835000	0.118883447646004	1
chr6	11825000	12005000	0.0934414372087231	1
chr6	11915000	11955000	0.413543955909264	1
chr6	11655000	12015000	0.0590801325554542	1
chr6	11890000	11930000	0.413505208033293	1
chr6	11920000	11960000	0.41339182952551	1
chr6	11670000	12075000	0.0558219375230274	1
chr6	11680000	12040000	0.0582453491766088	1
chr6	11910000	11950000	0.411612553593203	1
chr6	11665000	12230000	0.0482384118855534	1
chr6	12070000	12110000	0.410734318053667	1
chr6	11945000	11985000	0.41068799216557	1
chr6	11715000	12060000	0.0589057641099827	1
chr6	12060000	12100000	0.409238707521134	1
chr6	11710000	11785000	0.201227330505769	1
chr6	11840000	11890000	0.313412856566615	1
chr6	11750000	11790000	0.408675931525766	1
chr6	11885000	11925000	0.408518408708801	1
chr6	11660000	12025000	0.056608382655191	1
chr6	11690000	12030000	0.0585934245070696	1
chr6	11830000	11880000	0.312743776142124	1
chr6	11720000	12045000	0.0603067077620221	1
chr6	11785000	12010000	0.0765696626374658	1
chr6	12015000	12065000	0.312509454817865	1
chr6	11905000	11995000	0.165823256718792	1
chr6	11725000	11775000	0.31153005637501	1
chr6	11965000	12005000	0.406591470007324	1
chr6	11960000	12000000	0.406416786076578	1
chr6	11695000	11975000	0.0658125867050008	1
chr6	11920000	11970000	0.310974519504503	1
chr6	11890000	12000000	0.136209430365486	1
chr6	11705000	11980000	0.0663141183241515	1
chr6	11915000	11965000	0.310529087917102	1
chr6	11690000	11980000	0.0635932300665075	1
chr6	11710000	11855000	0.106315332116461	1
chr6	11655000	12245000	0.045336330377295	1
chr6	11670000	12040000	0.0547375727441149	1
chr6	11720000	12050000	0.0587168581509954	1
chr6	11715000	11820000	0.140737680254674	1
chr6	11660000	12015000	0.0554657879024272	1
chr6	11700000	11905000	0.0797914396757424	1
chr6	11660000	12275000	0.0437024524831197	1
chr6	11725000	11870000	0.105462591155553	1
chr6	12055000	12105000	0.308640631388916	1
chr6	11685000	12000000	0.0593159946819297	1
chr6	11665000	12060000	0.0523090685150196	1
chr6	11655000	11980000	0.057519377917054	1
chr6	11655000	11695000	0.401782065658432	1
chr6	11950000	11990000	0.401736919321769	1
chr6	11765000	11815000	0.306848161486314	1
chr6	11945000	12005000	0.248398797915395	1
chr6	11720000	12055000	0.056434239795363	1
chr6	11790000	12010000	0.0745392388877961	1
chr6	11750000	11800000	0.306308236877422	1
chr6	12060000	12110000	0.306287239263363	1
chr6	11820000	12010000	0.082454755500563	1
chr6	11740000	11830000	0.161093532571953	1
chr6	11695000	12100000	0.0512449369115879	1
chr6	12010000	12115000	0.138252252117784	1
chr6	11710000	11800000	0.160574802976659	1
chr6	11735000	11795000	0.247315471688599	1
chr6	11740000	12020000	0.0629461885715345	1
chr6	11710000	11875000	0.092104639945013	1
chr6	11705000	11810000	0.137148987357373	1
chr6	11715000	12040000	0.0559163627089196	1
chr6	11755000	11805000	0.303388358201563	1
chr6	11720000	12030000	0.0578227698909828	1
chr6	11715000	11775000	0.244942430509922	1
chr6	11690000	11845000	0.0955779982004163	1
chr6	11705000	11840000	0.107987177357849	1
chr6	11695000	12030000	0.0545587753200752	1
chr6	11710000	11845000	0.107920537548836	1
chr6	11730000	12000000	0.0628037565043153	1
chr6	11705000	12030000	0.0551335427995572	1
chr6	11660000	12060000	0.0498054474087208	1
chr6	11740000	11825000	0.166908563479269	1
chr6	11710000	12035000	0.054868931407638	1
chr6	11905000	12005000	0.141352160063721	1
chr6	11740000	12010000	0.0623383225867355	1
chr6	11840000	12020000	0.0834972385749573	1
chr6	11700000	11840000	0.103123086060192	1
chr6	11905000	11965000	0.242342964394941	1
chr6	11695000	12035000	0.0527682430994381	1
chr6	11660000	12070000	0.0487381185474663	1
chr6	11660000	11870000	0.0733669648112045	1
chr6	12010000	12070000	0.242127161839033	1
chr6	12010000	12040000	0.573750292565385	1
chr6	11835000	12015000	0.0827800877950685	1
chr6	11710000	12060000	0.0517249205107445	1
chr6	11715000	11815000	0.140067421105168	1
chr6	11785000	11870000	0.165153704436773	1
chr6	11900000	11970000	0.203295150323954	1
chr6	11665000	12285000	0.039871671229405	1
chr6	12010000	12110000	0.139330598834247	1
chr6	11720000	11820000	0.1391632743055	1
chr6	11665000	12095000	0.0465364851315194	1
chr6	11930000	11990000	0.240178135530217	1
chr6	11740000	11855000	0.121409431217584	1
chr6	11735000	11855000	0.116761505103937	1
chr6	11725000	11840000	0.121154906849542	1
chr6	11900000	11930000	0.570793766500472	1
chr6	11705000	11805000	0.138217305111118	1
chr6	11730000	12015000	0.0582504412198184	1
chr6	11905000	11935000	0.570787010970432	1
chr6	12020000	12050000	0.57078235165551	1
chr6	11885000	11915000	0.570769437995471	1
chr6	11885000	12000000	0.120958595692165	1
chr6	11730000	11800000	0.201444578894417	1
chr6	11675000	12285000	0.0393898261391568	1
chr6	11700000	11855000	0.0920179121565042	1
chr6	11905000	11990000	0.16306483501154	1
chr6	11670000	12275000	0.0395248084901311	1
chr6	11675000	12060000	0.0479387615825608	1
chr6	11895000	11925000	0.56973395676513	1
chr6	11855000	12005000	0.0941308051644568	1
chr6	11965000	11995000	0.569471637925564	1
chr6	11910000	11940000	0.569427507706512	1
chr6	11655000	12065000	0.0467367848081656	1
chr6	11945000	11975000	0.568425524378592	1
chr6	11700000	11730000	0.568355635077428	1
chr6	11915000	11945000	0.568289685685328	1
chr6	11795000	11825000	0.567773541687503	1
chr6	11880000	11995000	0.11901794753885	1
chr6	11905000	12000000	0.143092694797064	1
chr6	11935000	12005000	0.198911462949536	1
chr6	11840000	12040000	0.0731957607435508	1
chr6	11830000	12055000	0.0665818892474889	1
chr6	11960000	11990000	0.56650775168958	1
chr6	11695000	12040000	0.0493585297313976	1
chr6	11690000	11870000	0.0789315391525646	1
chr6	12085000	12115000	0.566242041668934	1
chr6	11700000	12070000	0.0473438660503265	1
chr6	12180000	12210000	0.565866275032555	1
chr6	11775000	11805000	0.565823241869092	1
chr6	11665000	11695000	0.565659763226354	1
chr6	11785000	12005000	0.0671361951158413	1
chr6	11655000	12030000	0.0468204631029537	1
chr6	11665000	12035000	0.0471347895235253	1
chr6	11700000	11800000	0.134568239045595	1
chr6	11930000	11960000	0.564991002977197	1
chr6	11665000	12075000	0.0453067181558156	1
chr6	11820000	12000000	0.0782003924177388	1
chr6	11705000	12040000	0.04987235589135	1
chr6	11730000	12035000	0.053011076042448	1
chr6	11700000	11975000	0.0567017386662173	1
chr6	11835000	12050000	0.0674707479569055	1
chr6	11740000	12000000	0.0584781139626677	1
chr6	12190000	12220000	0.563859708128392	1
chr6	11720000	12040000	0.0507099429322999	1
chr6	11665000	12260000	0.0377540909786832	1
chr6	11695000	11870000	0.0796197622560919	1
chr6	11780000	12020000	0.0616971843473866	1
chr6	11885000	11980000	0.140217572588665	1
chr6	11705000	11835000	0.103276707995458	1
chr6	11790000	12005000	0.0670103032343743	1
chr6	11705000	11865000	0.0853771605670115	1
chr6	12175000	12205000	0.562801146082429	1
chr6	12040000	12070000	0.56264960950746	1
chr6	11935000	11965000	0.562410682776356	1
chr6	11830000	12065000	0.0623193430931385	1
chr6	11735000	11805000	0.194840400319425	1
chr6	11700000	11850000	0.0900500814115273	1
chr6	11955000	11985000	0.561821993564413	1
chr6	11830000	11860000	0.561808942869862	1
chr6	11695000	11875000	0.0767025512546928	1
chr6	11825000	12000000	0.0786938509774086	1
chr6	11745000	11815000	0.194494677138037	1
chr6	11710000	11850000	0.0958901747951063	1
chr6	11710000	12055000	0.0474014314808965	1
chr6	11700000	11845000	0.0924645829441604	1
chr6	11695000	11840000	0.092318324030756	1
chr6	12080000	12110000	0.560542787257716	1
chr6	11940000	11970000	0.560422531800793	1
chr6	11655000	12255000	0.0362262137729672	1
chr6	11715000	12030000	0.049823917067731	1
chr6	11685000	12080000	0.0438816295003415	1
chr6	11660000	11990000	0.0485538997334355	1
