chr9	4755000	4985000	0.19840227386204	1
chr9	4755000	4990000	0.165624357027178	1
chr9	4760000	4985000	0.248492727880031	1
chr9	4760000	4990000	0.197912076255871	1
chr9	4765000	4785000	0.998328839116465	1
chr9	4765000	4985000	0.142734189468965	1
chr9	4765000	4990000	0.159560110507576	1
chr9	4795000	4985000	0.145511719473497	1
chr9	4800000	4820000	0.99798008391564	1
chr9	4805000	4985000	0.140939392271991	1
chr9	4815000	4835000	0.998123891381292	1
chr9	4825000	4845000	0.997698111854611	1
chr9	4850000	4870000	0.997735595019874	1
chr9	4890000	4910000	0.998099093783664	1
chr9	4895000	4915000	0.99827256306595	1
chr9	4935000	4965000	0.794832033652425	1
chr9	4935000	4985000	0.411458291788051	1
chr9	4940000	4970000	0.7934861930461	1
chr9	4940000	4980000	0.567190679046513	1
chr9	4945000	4965000	0.998492427843995	1
chr9	4945000	4970000	0.998168123397997	1
chr9	4945000	4975000	0.799009323697743	1
chr9	4950000	4970000	0.998623269616762	1
chr9	4950000	4980000	0.793371309303284	1
chr9	5070000	5425000	0.121471307854508	1
chr9	5070000	5430000	0.103055393103923	1
chr9	5070000	5435000	0.104887127437661	1
chr9	5125000	5145000	0.997072197851451	1
chr9	5305000	5325000	0.997922417014531	1
chr9	5340000	5360000	0.997871605280675	1
chr9	5435000	5585000	0.310154619317749	1
chr9	5435000	5590000	0.307968125682057	1
chr9	5435000	5595000	0.165918252123393	1
chr9	5440000	5580000	0.310529087917102	1
chr9	5440000	5585000	0.411315748056615	1
chr9	5440000	5590000	0.568355635077428	1
chr9	5440000	5595000	0.304137381308351	1
chr9	5440000	5600000	0.196624227317214	1
chr9	5445000	5510000	0.400063808329228	1
chr9	5445000	5565000	0.240058787032828	1
chr9	5445000	5570000	0.203237111820894	1
chr9	5445000	5575000	0.309430491983026	1
chr9	5445000	5580000	0.562626717444175	1
chr9	5445000	5585000	0.795489516681574	1
chr9	5445000	5590000	0.796175672908278	1
chr9	5445000	5595000	0.408187102739925	1
chr9	5450000	5470000	0.998110280401926	1
chr9	5450000	5490000	0.561730086342143	1
chr9	5450000	5500000	0.403899906925769	1
chr9	5450000	5510000	0.412467176219199	1
chr9	5450000	5515000	0.409682234931967	1
chr9	5450000	5560000	0.313403838865238	1
chr9	5450000	5565000	0.30577163916045	1
chr9	5450000	5570000	0.201804668520642	1
chr9	5450000	5575000	0.418192703220837	1
chr9	5450000	5580000	0.796960700847874	1
chr9	5450000	5585000	0.797998205330437	1
chr9	5450000	5590000	0.798371578792862	1
chr9	5450000	5595000	0.242497335008183	1
chr9	5450000	5600000	0.202857754086475	1
chr9	5455000	5475000	0.998453034835026	1
chr9	5455000	5485000	0.796783514146917	1
chr9	5455000	5490000	0.796530425254918	1
chr9	5455000	5495000	0.798151360151455	1
chr9	5455000	5505000	0.414417275473186	1
chr9	5455000	5510000	0.567329488243188	1
chr9	5455000	5520000	0.411280413121912	1
chr9	5455000	5535000	0.251332939643198	1
chr9	5455000	5555000	0.244968574180748	1
chr9	5455000	5560000	0.245282046422875	1
chr9	5455000	5565000	0.314334301939548	1
chr9	5455000	5575000	0.405295565494103	1
chr9	5455000	5580000	0.418446835377573	1
chr9	5455000	5585000	0.572594262278798	1
chr9	5455000	5590000	0.562869356018281	1
chr9	5455000	5595000	0.197608369716276	1
chr9	5455000	5600000	0.201444578894417	1
chr9	5460000	5480000	0.998196318652586	1
chr9	5460000	5490000	0.997890048221014	1
chr9	5460000	5495000	0.796706388816014	1
chr9	5460000	5500000	0.567643830323531	1
chr9	5460000	5505000	0.568067129020961	1
chr9	5460000	5510000	0.413468375199618	1
chr9	5460000	5515000	0.418075238671144	1
chr9	5460000	5525000	0.31411838017212	1
chr9	5460000	5560000	0.309202080783824	1
chr9	5460000	5570000	0.202064331237016	1
chr9	5460000	5575000	0.249887577664044	1
chr9	5460000	5580000	0.416821885589793	1
chr9	5460000	5585000	0.407820763089343	1
chr9	5460000	5590000	0.311965347784695	1
chr9	5465000	5485000	0.998376786367523	1
chr9	5465000	5490000	0.998169641529027	1
chr9	5465000	5505000	0.565866275032555	1
chr9	5465000	5510000	0.565398460622114	1
chr9	5465000	5570000	0.248005480673873	1
chr9	5465000	5575000	0.239236952611793	1
chr9	5465000	5585000	0.301848280156779	1
chr9	5465000	5590000	0.244850688972656	1
chr9	5470000	5490000	0.998245263369484	1
chr9	5470000	5510000	0.57090795007975	1
chr9	5470000	5580000	0.204281962233074	1
chr9	5470000	5590000	0.239922750826913	1
chr9	5475000	5505000	0.800510259386783	1
chr9	5475000	5565000	0.248684418582059	1
chr9	5475000	5580000	0.314949485029843	1
chr9	5475000	5585000	0.309357096659224	1
chr9	5480000	5500000	0.998196857663657	1
chr9	5480000	5510000	0.801424084714102	1
chr9	5480000	5555000	0.306648203647824	1
chr9	5480000	5560000	0.403975569735352	1
chr9	5480000	5575000	0.243876777341643	1
chr9	5480000	5585000	0.247409720939484	1
chr9	5480000	5590000	0.204676105731886	1
chr9	5485000	5505000	0.998386547610165	1
chr9	5485000	5535000	0.403981348259232	1
chr9	5485000	5580000	0.241141285930584	1
chr9	5490000	5510000	0.998517687786421	1
chr9	5490000	5570000	0.305919874580646	1
chr9	5490000	5575000	0.310016166242334	1
chr9	5490000	5580000	0.410612010476943	1
chr9	5490000	5585000	0.415105104852286	1
chr9	5490000	5590000	0.309036065082815	1
chr9	5495000	5515000	0.998601036078431	1
chr9	5495000	5570000	0.404700247567294	1
chr9	5495000	5575000	0.315984749059551	1
chr9	5495000	5580000	0.309943224280171	1
chr9	5495000	5585000	0.311793225263826	1
chr9	5495000	5590000	0.246049316071196	1
chr9	5500000	5575000	0.408884022092563	1
chr9	5500000	5580000	0.313877587954291	1
chr9	5500000	5585000	0.40276863632784	1
chr9	5505000	5555000	0.406217592326537	1
chr9	5505000	5580000	0.314323762909123	1
chr9	5505000	5585000	0.306308236877422	1
chr9	5510000	5530000	0.998712462744689	1
chr9	5510000	5550000	0.567456516757297	1
chr9	5510000	5555000	0.566844326272573	1
chr9	5510000	5560000	0.419423862965918	1
chr9	5510000	5570000	0.407718010972547	1
chr9	5510000	5575000	0.566523178904211	1
chr9	5510000	5580000	0.55851657331427	1
chr9	5510000	5585000	0.408002037069541	1
chr9	5515000	5535000	0.998462487522349	1
chr9	5515000	5555000	0.796827350384263	1
chr9	5515000	5560000	0.577227085935541	1
chr9	5515000	5565000	0.572811893113974	1
chr9	5515000	5570000	0.57158575953572	1
chr9	5515000	5575000	0.411538512139765	1
chr9	5515000	5580000	0.560660941068558	1
chr9	5515000	5585000	0.412676124546465	1
chr9	5520000	5540000	0.998338237169652	1
chr9	5520000	5550000	0.99830562411198	1
chr9	5520000	5555000	0.799355719030163	1
chr9	5520000	5560000	0.573228533802235	1
chr9	5520000	5565000	0.570769437995471	1
chr9	5520000	5570000	0.571653436011528	1
chr9	5520000	5575000	0.561292620530433	1
chr9	5520000	5580000	0.411446843731659	1
chr9	5520000	5585000	0.408194640362996	1
chr9	5525000	5545000	0.998201031372494	1
chr9	5525000	5550000	0.998524298952033	1
chr9	5525000	5555000	0.799250503367681	1
chr9	5525000	5560000	0.800196843433677	1
chr9	5525000	5565000	0.570477276039809	1
chr9	5525000	5575000	0.568366589426951	1
chr9	5525000	5580000	0.560226711799672	1
chr9	5530000	5550000	0.99999999999983	1
chr9	5530000	5555000	0.998033856961408	1
chr9	5530000	5560000	0.99804368986906	1
chr9	5530000	5570000	0.572072508498556	1
chr9	5530000	5575000	0.567591972277891	1
chr9	5530000	5580000	0.413756483800247	1
chr9	5535000	5555000	0.998726383957204	1
chr9	5535000	5560000	0.998361050720737	1
chr9	5535000	5565000	0.799453069251224	1
chr9	5535000	5575000	0.795411890237789	1
chr9	5535000	5585000	0.405800252753617	1
chr9	5540000	5560000	0.998396090312473	1
chr9	5540000	5570000	0.795785766239195	1
chr9	5545000	5565000	0.998103351151209	1
chr9	5545000	5575000	0.798903337884659	1
chr9	5555000	5575000	0.998564069789374	1
chr9	5560000	5580000	0.998502790413295	1
chr9	5595000	5615000	0.998214012781756	1
chr9	5630000	5650000	0.99826540849339	1
chr9	5630000	5655000	0.998249033339325	1
chr9	5630000	5660000	0.801151646173355	1
chr9	5630000	5670000	0.563546770219857	1
chr9	5630000	5680000	0.416590515265789	1
chr9	5630000	5685000	0.567473635716613	1
chr9	5630000	5695000	0.411469838041069	1
chr9	5630000	5700000	0.409064727407668	1
chr9	5630000	5705000	0.564855936094765	1
chr9	5630000	5710000	0.792921899984818	1
chr9	5635000	5655000	0.99999999999983	1
chr9	5635000	5660000	0.99827872513732	1
chr9	5635000	5665000	0.799975434107916	1
chr9	5635000	5675000	0.795111208508523	1
chr9	5635000	5680000	0.560321576282728	1
chr9	5635000	5685000	0.799224070389148	1
chr9	5635000	5690000	0.558576553439388	1
chr9	5635000	5700000	0.565273338106199	1
chr9	5635000	5710000	0.315958271756767	1
chr9	5635000	5715000	0.403741977530298	1
chr9	5640000	5660000	0.99999999999983	1
chr9	5640000	5675000	0.795160375415055	1
chr9	5640000	5680000	0.99755761783125	1
chr9	5640000	5685000	0.794570254736811	1
chr9	5640000	5690000	0.410011346930291	1
chr9	5640000	5700000	0.564560260535643	1
chr9	5640000	5705000	0.56650775168958	1
chr9	5640000	5710000	0.413396742495794	1
chr9	5645000	5665000	0.998633935899724	1
chr9	5645000	5675000	0.802493431600368	1
chr9	5645000	5680000	0.800022375660814	1
chr9	5645000	5685000	0.799480861344752	1
chr9	5645000	5690000	0.794702858715871	1
chr9	5645000	5695000	0.412067396650367	1
chr9	5645000	5700000	0.566242041668934	1
chr9	5645000	5705000	0.405315643762562	1
chr9	5650000	5670000	0.998704925299427	1
chr9	5650000	5675000	0.998676561038002	1
chr9	5650000	5680000	0.800528815544018	1
chr9	5650000	5685000	0.799127973292106	1
chr9	5650000	5690000	0.795748587808867	1
chr9	5650000	5700000	0.414538779331748	1
chr9	5655000	5675000	0.998749709584604	1
chr9	5655000	5680000	0.998323994789354	1
chr9	5655000	5695000	0.568615185337619	1
chr9	5655000	5705000	0.55914190255235	1
chr9	5660000	5680000	0.998804140151704	1
chr9	5660000	5685000	0.997968388439773	1
chr9	5660000	5690000	0.80013751939199	1
chr9	5660000	5700000	0.562801146082429	1
chr9	5660000	5705000	0.797782231417145	1
chr9	5660000	5710000	0.560542787257716	1
chr9	5665000	5685000	0.997918523952116	1
chr9	5665000	5690000	0.998079165337059	1
chr9	5665000	5705000	0.570385285370151	1
chr9	5665000	5715000	0.407691933537013	1
chr9	5670000	5690000	0.99852985209337	1
chr9	5670000	5700000	0.800351908152377	1
chr9	5670000	5705000	0.801480099930608	1
chr9	5675000	5695000	0.998089351818738	1
chr9	5675000	5705000	0.799492468100318	1
chr9	5680000	5700000	0.998106195788791	1
chr9	5685000	5705000	0.99858330313624	1
chr9	5685000	5710000	0.998221752503769	1
chr9	5690000	5710000	0.9990562177032	1
chr9	5515000	5550000	0.573444950091862	1
chr9	5535000	5570000	0.575577945562408	1
chr9	5470000	5525000	0.4057967817806	1
chr9	5480000	5535000	0.402065272074571	1
chr9	5640000	5695000	0.412727790772631	1
chr9	5650000	5705000	0.411612553593203	1
chr9	5480000	5545000	0.311084256041269	1
chr9	5485000	5550000	0.306345195557762	1
chr9	5490000	5555000	0.308519408146853	1
chr9	5645000	5710000	0.300421138297051	1
chr9	5450000	5520000	0.306030953379063	1
chr9	5465000	5535000	0.314821816788672	1
chr9	5490000	5560000	0.312726698324339	1
chr9	5505000	5575000	0.316828707110876	1
chr9	5635000	5705000	0.311602095615002	1
chr9	5450000	5535000	0.247233205495799	1
chr9	5455000	5540000	0.24339297824901	1
chr9	5480000	5570000	0.246248334021232	1
chr9	4755000	4995000	0.121896685727966	1
chr9	4935000	4970000	0.570356344697694	1
chr9	5470000	5505000	0.572272051785449	1
chr9	5530000	5565000	0.569243688477365	1
chr9	5630000	5665000	0.57252738259632	1
chr9	5665000	5700000	0.57191757854427	1
chr9	5680000	5715000	0.572761101527567	1
chr9	5460000	5540000	0.24818050962488	1
chr9	4795000	4980000	0.14208656612469	1
chr9	5465000	5555000	0.239366741562363	1
chr9	5465000	5580000	0.201383271443808	1
chr9	5455000	5625000	0.1385136878293	1
chr9	5675000	5710000	0.568630056932103	1
chr9	5455000	5570000	0.198780099924591	1
chr9	5470000	5585000	0.198052442748798	1
chr9	5475000	5590000	0.196385285884273	1
chr9	4815000	4985000	0.138151614195242	1
chr9	5450000	5620000	0.138015689697462	1
chr9	4765000	4980000	0.125041119686822	1
chr9	4755000	4980000	0.11835719328586	1
chr9	5490000	5515000	0.805256218342277	1
chr9	4940000	4975000	0.566038668592179	1
chr9	5490000	5525000	0.565640717639747	1
chr9	5655000	5690000	0.565663152082601	1
chr9	5660000	5695000	0.565536747935845	1
chr9	4770000	4980000	0.127308963535202	1
chr9	4775000	4990000	0.123112799576768	1
chr9	4940000	4965000	0.803800595813314	1
chr9	5480000	5505000	0.804837094875334	1
chr9	5485000	5510000	0.804198626881041	1
chr9	5540000	5565000	0.804798159698842	1
chr9	5555000	5580000	0.804304187367286	1
chr9	5460000	5485000	0.801614017339423	1
chr9	5495000	5520000	0.802909621608592	1
chr9	5505000	5530000	0.801112689807622	1
chr9	5510000	5535000	0.801352272529406	1
chr9	5515000	5540000	0.801890386478155	1
chr9	5520000	5545000	0.802643244763989	1
chr9	5550000	5575000	0.80344166960381	1
chr9	5640000	5665000	0.802334982894477	1
chr9	5485000	5520000	0.563495887798368	1
chr9	5500000	5535000	0.565209007420448	1
chr9	5540000	5575000	0.56404108914116	1
chr9	5450000	5530000	0.241516157928119	1
chr9	5470000	5550000	0.2422222305939	1
chr9	5670000	5695000	0.800549894988517	1
chr9	5680000	5705000	0.800594829878361	1
chr9	4840000	4875000	0.56264960950746	1
chr9	5510000	5545000	0.56293195699558	1
chr9	5430000	5595000	0.139429108518798	1
chr9	4760000	4975000	0.119544267480806	1
chr9	5500000	5525000	0.799945270599387	1
chr9	5595000	5620000	0.800227191545072	1
chr9	5590000	5625000	0.562086047928196	1
chr9	5475000	5555000	0.238428525136593	1
chr9	5485000	5565000	0.23927331412629	1
chr9	5470000	5575000	0.197581772937789	1
chr9	5485000	5590000	0.200326311721837	1
chr9	5070000	5420000	0.0920493448908496	1
chr9	4755000	4970000	0.118910358016615	1
chr9	4885000	4910000	0.799869422682942	1
chr9	4950000	4975000	0.799501844460331	1
chr9	5345000	5370000	0.798866068731098	1
chr9	5370000	5395000	0.798766852678389	1
chr9	5455000	5480000	0.799461261246904	1
chr9	5690000	5715000	0.798579243140545	1
chr9	5475000	5510000	0.561337400676244	1
chr9	5495000	5530000	0.56118337540566	1
chr9	5550000	5585000	0.561408878493579	1
chr9	5630000	5690000	0.316535548974014	1
chr9	5635000	5695000	0.3171753558595	1
chr9	5450000	5555000	0.196993703985414	1
chr9	5700000	5725000	0.79825648967657	1
chr9	5635000	5670000	0.560422531800793	1
chr9	5685000	5720000	0.56036423570498	1
chr9	4815000	4840000	0.797627383232618	1
chr9	4845000	4870000	0.79736498226494	1
chr9	5275000	5300000	0.797627763354653	1
chr9	5470000	5495000	0.797039591769217	1
chr9	4855000	4880000	0.796529589535935	1
chr9	5545000	5570000	0.796671293614879	1
chr9	5600000	5625000	0.796458951273235	1
chr9	4955000	4980000	0.796356539113133	1
chr9	4760000	4970000	0.116281165162947	1
chr9	4790000	4990000	0.120201073215963	1
chr9	5075000	5435000	0.0841871330555282	1
chr9	4855000	4915000	0.30958282959756	1
chr9	5455000	5515000	0.309384012772282	1
chr9	5475000	5575000	0.202392426759725	1
chr9	5450000	5475000	0.795232164221443	1
chr9	4795000	4820000	0.794447941885249	1
chr9	5425000	5585000	0.140487675293073	1
chr9	5490000	5550000	0.307484599056764	1
chr9	5460000	5520000	0.306843057423219	1
chr9	5500000	5560000	0.306971694282344	1
chr9	4755000	5440000	0.0673065004765263	1
chr9	4935000	4980000	0.414990974411105	1
chr9	5650000	5695000	0.415295339897373	1
chr9	5485000	5585000	0.197176389687422	1
chr9	5630000	5675000	0.414880927926877	1
chr9	5655000	5700000	0.413790905588835	1
chr9	5535000	5580000	0.413682784277204	1
chr9	5490000	5565000	0.246181538190513	1
chr9	5445000	5600000	0.137081330875798	1
chr9	5465000	5525000	0.302063019601895	1
chr9	5495000	5540000	0.411714361305587	1
chr9	4760000	4980000	0.107679297548512	1
chr9	5475000	5550000	0.245172284921579	1
chr9	4765000	5000000	0.104226842077571	1
chr9	5505000	5550000	0.410381594998507	1
chr9	5500000	5545000	0.409901962532653	1
chr9	4760000	4925000	0.12676422429309	1
chr9	4760000	5440000	0.0637273346794711	1
chr9	5470000	5565000	0.198316782013206	1
chr9	4805000	4980000	0.122325224481382	1
chr9	5640000	5715000	0.240799752468671	1
chr9	5475000	5570000	0.197451660234622	1
chr9	5445000	5615000	0.12437270132372	1
chr9	4925000	4970000	0.405796113377935	1
chr9	5525000	5570000	0.405805396444297	1
chr9	5515000	5590000	0.240372178914229	1
chr9	4795000	4990000	0.112370943266051	1
chr9	5455000	5550000	0.196837590948338	1
chr9	5450000	5625000	0.120623143435657	1
chr9	5450000	5525000	0.238203842590148	1
chr9	5460000	5555000	0.195258067289969	1
chr9	4810000	4980000	0.122706399221958	1
chr9	5465000	5560000	0.194209085186848	1
chr9	5440000	5610000	0.121877616494199	1
chr9	5485000	5575000	0.200750167188803	1
chr9	4930000	4975000	0.400969449354312	1
chr9	5440000	5575000	0.141916285862598	1
chr9	4770000	4985000	0.102536903531675	1
chr9	5460000	5595000	0.140433560436641	1
chr9	5460000	5600000	0.137426464673449	1
chr9	5440000	5570000	0.143979674674302	1
chr9	4760000	4995000	0.0951481148415523	1
chr9	5510000	5565000	0.3164753547795	1
chr9	5440000	5605000	0.11901794753885	1
chr9	5450000	5610000	0.122122354190355	1
chr9	5300000	5390000	0.194642522871114	1
chr9	4775000	4905000	0.142090096365359	1
chr9	4785000	4985000	0.103926657938991	1
chr9	5495000	5565000	0.245878724158606	1
chr9	5445000	5515000	0.245840370734976	1
chr9	5475000	5530000	0.312032293986931	1
chr9	5500000	5570000	0.244941977979848	1
chr9	5480000	5565000	0.201583173645311	1
chr9	4760000	4920000	0.119939678341561	1
chr9	5480000	5550000	0.244443949792402	1
chr9	5455000	5615000	0.119554453579475	1
chr9	4765000	4995000	0.0924766288905994	1
chr9	5470000	5560000	0.190864865670165	1
chr9	5655000	5710000	0.311240832883025	1
chr9	5475000	5560000	0.200764769377065	1
chr9	4765000	4925000	0.119040191246653	1
chr9	5465000	5595000	0.138625966744865	1
chr9	5660000	5715000	0.31026018965132	1
chr9	4755000	5000000	0.0867591976879944	1
chr9	5465000	5520000	0.308800821934878	1
chr9	4760000	5435000	0.0554657879024272	1
chr9	4790000	4985000	0.101660852898546	1
chr9	5505000	5560000	0.30853861822798	1
chr9	5495000	5550000	0.308493467678836	1
chr9	5520000	5590000	0.241381731758343	1
chr9	5445000	5605000	0.11712947191123	1
chr9	5430000	5585000	0.12023797965851	1
chr9	4800000	4990000	0.103231114385806	1
chr9	4810000	4985000	0.108842100670821	1
chr9	5460000	5530000	0.240145940717852	1
chr9	5640000	5725000	0.197435455478061	1
chr9	4775000	4995000	0.0922800026802073	1
chr9	4930000	4985000	0.306451477741948	1
chr9	5490000	5595000	0.162947230145794	1
chr9	5485000	5570000	0.196750042518088	1
chr9	5470000	5570000	0.168962107090138	1
chr9	5455000	5605000	0.121202535274576	1
chr9	4755000	5430000	0.0533250117264166	1
chr9	5465000	5550000	0.194728984033945	1
chr9	5480000	5580000	0.167927029284009	1
chr9	4785000	4980000	0.0980247089819306	1
chr9	5430000	5590000	0.114325687396603	1
chr9	5630000	5715000	0.194168728022217	1
chr9	5460000	5565000	0.159839658713843	1
chr9	4845000	4985000	0.125817710506997	1
chr9	5435000	5600000	0.109812678068458	1
chr9	4760000	5600000	0.0505123724961622	1
chr9	5465000	5565000	0.166356420906771	1
chr9	5445000	5620000	0.104979217119634	1
chr9	5495000	5560000	0.250927276375896	1
chr9	4790000	4980000	0.0974891675568016	1
chr9	5425000	5595000	0.106299906773872	1
chr9	5435000	5580000	0.119955347856928	1
chr9	4770000	4920000	0.11725352934276	1
chr9	4760000	5425000	0.0509873248187493	1
chr9	5510000	5590000	0.200981642485257	1
chr9	5450000	5615000	0.106376594872739	1
chr9	5450000	5550000	0.162290639687115	1
chr9	5070000	5440000	0.0630538055887123	1
chr9	5425000	5590000	0.105928615754034	1
chr9	5475000	5540000	0.246418235556866	1
chr9	5475000	5595000	0.137768571067214	1
chr9	4760000	4930000	0.103278760887489	1
chr9	5465000	5530000	0.245002541887266	1
chr9	4755000	5435000	0.0480642461523062	1
chr9	5465000	5600000	0.123434029579986	1
chr9	4760000	4915000	0.109820953976507	1
chr9	4770000	4990000	0.0841752328858126	1
chr9	5445000	5625000	0.0967001632852983	1
chr9	4760000	5060000	0.0683762879051114	1
chr9	4760000	5445000	0.0471681499709009	1
chr9	5065000	5395000	0.0644801592576599	1
chr9	4935000	4975000	0.418466525833599	1
chr9	4815000	4925000	0.144104498399666	1
chr9	4765000	5030000	0.0730990536651813	1
chr9	5450000	5605000	0.107151564043471	1
chr9	5450000	5545000	0.16306483501154	1
chr9	5475000	5515000	0.414886700921714	1
chr9	4765000	4970000	0.0845614111316406	1
chr9	5075000	5440000	0.0587215108666365	1
chr9	4760000	5590000	0.0446209726020107	1
chr9	5450000	5540000	0.169418747518061	1
chr9	4810000	4990000	0.092279754824513	1
chr9	5495000	5535000	0.411552838706583	1
chr9	5460000	5535000	0.20297533793243	1
chr9	4765000	4920000	0.104015443074131	1
chr9	4760000	5595000	0.0436074630788644	1
chr9	5090000	5375000	0.0670195631470937	1
chr9	5080000	5425000	0.0590378894551791	1
chr9	5055000	5420000	0.0572300096642478	1
chr9	4800000	4985000	0.0890910547931685	1
chr9	5475000	5525000	0.313935666402645	1
chr9	5490000	5530000	0.409238707521134	1
chr9	4930000	4980000	0.313593135252165	1
chr9	5440000	5615000	0.0930641306682159	1
chr9	5060000	5430000	0.0562609671761607	1
chr9	5075000	5430000	0.0571302585169227	1
chr9	5670000	5710000	0.408080455307824	1
chr9	4805000	5000000	0.0850302776332425	1
chr9	5500000	5590000	0.165901663698533	1
chr9	5485000	5595000	0.137275996390601	1
chr9	5495000	5545000	0.312026007022374	1
chr9	4925000	4975000	0.311762844749448	1
chr9	5505000	5595000	0.165370064199098	1
chr9	4885000	4925000	0.406645111927686	1
chr9	4850000	4925000	0.198975618096575	1
chr9	5075000	5425000	0.0569388842816122	1
chr9	4890000	4930000	0.406416786076578	1
chr9	5455000	5530000	0.198911462949536	1
chr9	5470000	5545000	0.198584121112715	1
chr9	5625000	5715000	0.164764017250741	1
chr9	4815000	4980000	0.0955540676938623	1
chr9	5685000	5725000	0.40587668102876	1
chr9	5445000	5610000	0.0948119566486161	1
chr9	5500000	5550000	0.309170975539066	1
chr9	5460000	5625000	0.094373138308132	1
chr9	5480000	5530000	0.308887198928881	1
chr9	5065000	5430000	0.0545126905876617	1
chr9	5445000	5535000	0.163073974144663	1
chr9	5440000	5625000	0.0855720948063744	1
chr9	5070000	5600000	0.0457923493060523	1
chr9	4760000	5070000	0.0598457298348193	1
chr9	5670000	5720000	0.307443134990974	1
chr9	5455000	5620000	0.0934414372087231	1
chr9	4820000	4990000	0.0914389606559645	1
chr9	5500000	5540000	0.401736919321769	1
chr9	5075000	5445000	0.0534574244993293	1
chr9	4775000	5035000	0.0664758098938222	1
chr9	5620000	5695000	0.194962938615795	1
chr9	5465000	5540000	0.194773512609386	1
chr9	4775000	4975000	0.0799965644908197	1
chr9	5485000	5560000	0.194471777739212	1
chr9	5435000	5605000	0.0906486666914733	1
chr9	4755000	4930000	0.0884728889729172	1
chr9	4755000	4925000	0.0906089053303101	1
chr9	4805000	4940000	0.10903266374622	1
chr9	4810000	4935000	0.115851152467651	1
chr9	4805000	4965000	0.0930638499554104	1
chr9	5440000	5560000	0.120530120727141	1
chr9	4790000	4935000	0.101313530410878	1
chr9	5640000	5670000	0.576676785534892	1
chr9	5505000	5565000	0.244402633077338	1
chr9	4850000	4985000	0.107562745871941	1
chr9	5470000	5555000	0.166566621243609	1
chr9	4850000	4990000	0.103576255951796	1
chr9	5445000	5550000	0.1346931389189	1
chr9	5650000	5710000	0.242723278967429	1
chr9	5515000	5545000	0.574400634692293	1
chr9	5080000	5420000	0.0529029793723719	1
chr9	5115000	5270000	0.0939168604841055	1
chr9	4760000	4935000	0.0850144900459476	1
chr9	5635000	5720000	0.165197134676001	1
chr9	5665000	5695000	0.573274954579473	1
chr9	5440000	5620000	0.0824260750933588	1
chr9	5475000	5535000	0.241322173062675	1
chr9	5185000	5420000	0.0670103032343743	1
chr9	5485000	5515000	0.572688601190788	1
chr9	5210000	5240000	0.572630432866606	1
chr9	5445000	5505000	0.240904764518102	1
