chr9	36985000	37325000	0.108432847271387	1
chr9	36995000	37300000	0.127877132551924	1
chr9	36995000	37305000	0.144104498399666	1
chr9	36995000	37330000	0.134568239045595	1
chr9	37000000	37020000	0.9980395889885	1
chr9	37000000	37300000	0.142110742858302	1
chr9	37000000	37310000	0.119368537032032	1
chr9	37005000	37025000	0.997968388439773	1
chr9	37020000	37325000	0.138151614195242	1
chr9	37025000	37290000	0.12437270132372	1
chr9	37025000	37300000	0.202857754086475	1
chr9	37025000	37315000	0.160574802976659	1
chr9	37030000	37120000	0.306648203647824	1
chr9	37030000	37135000	0.243676352938815	1
chr9	37030000	37140000	0.239602395204743	1
chr9	37030000	37145000	0.241430232535574	1
chr9	37030000	37290000	0.237381363871838	1
chr9	37030000	37300000	0.194840400319425	1
chr9	37030000	37320000	0.123756704277162	1
chr9	37035000	37070000	0.797083671717841	1
chr9	37035000	37075000	0.798903337884659	1
chr9	37035000	37115000	0.305690661215685	1
chr9	37035000	37120000	0.316828707110876	1
chr9	37035000	37140000	0.244310247430846	1
chr9	37035000	37185000	0.194700334498035	1
chr9	37035000	37295000	0.162654435414321	1
chr9	37035000	37300000	0.115409694677172	1
chr9	37035000	37325000	0.118173701968453	1
chr9	37040000	37060000	0.998704925299427	1
chr9	37040000	37065000	0.997925086333926	1
chr9	37040000	37070000	0.803304481311732	1
chr9	37040000	37075000	0.798571526707803	1
chr9	37040000	37115000	0.31155278611658	1
chr9	37045000	37065000	0.998449595794474	1
chr9	37045000	37075000	0.794832033652425	1
chr9	37045000	37090000	0.801112689807622	1
chr9	37050000	37070000	0.998500263100086	1
chr9	37050000	37100000	0.406217592326537	1
chr9	37070000	37110000	0.99999999999983	1
chr9	37070000	37115000	0.565268138138942	1
chr9	37080000	37110000	0.797627383232618	1
chr9	37080000	37120000	0.56596179108796	1
chr9	37080000	37130000	0.409901962532653	1
chr9	37085000	37105000	0.998495873920871	1
chr9	37085000	37115000	0.997698111854611	1
chr9	37090000	37110000	0.998463579382474	1
chr9	37090000	37115000	0.997730115812348	1
chr9	37095000	37115000	0.99852742120551	1
chr9	37120000	37300000	0.162805892211211	1
chr9	37130000	37180000	0.408002037069541	1
chr9	37135000	37185000	0.405800252753617	1
chr9	37135000	37210000	0.308176484789264	1
chr9	37140000	37160000	0.997929350015282	1
chr9	37140000	37190000	0.407588749822204	1
chr9	37140000	37290000	0.196275509761208	1
chr9	37140000	37300000	0.163438704417916	1
chr9	37145000	37165000	0.998682179597895	1
chr9	37145000	37170000	0.998214012781756	1
chr9	37145000	37175000	0.802325291618609	1
chr9	37145000	37185000	0.797782231417145	1
chr9	37145000	37195000	0.413468375199618	1
chr9	37145000	37300000	0.197815889120497	1
chr9	37150000	37170000	0.999312407936148	1
chr9	37150000	37175000	0.998364153497661	1
chr9	37150000	37180000	0.800371575662528	1
chr9	37150000	37185000	0.801890386478155	1
chr9	37155000	37175000	0.998737865000052	1
chr9	37155000	37185000	0.804304187367286	1
chr9	37155000	37200000	0.564560260535643	1
chr9	37160000	37180000	0.99858330313624	1
chr9	37165000	37185000	0.998338875166511	1
chr9	37190000	37210000	0.998040974841874	1
chr9	37195000	37275000	0.309011739907396	1
chr9	37195000	37300000	0.246710111394337	1
chr9	37200000	37295000	0.244942430509922	1
chr9	37205000	37285000	0.314287170237044	1
chr9	37205000	37290000	0.303388358201563	1
chr9	37210000	37230000	0.998347728893153	1
chr9	37210000	37235000	0.998135917201992	1
chr9	37210000	37255000	0.556198048408719	1
chr9	37210000	37300000	0.30902532601232	1
chr9	37215000	37235000	0.998502790413295	1
chr9	37215000	37265000	0.412660961620664	1
chr9	37220000	37240000	0.99827872513732	1
chr9	37225000	37245000	0.998354178914718	1
chr9	37225000	37260000	0.798766852678389	1
chr9	37225000	37265000	0.568355635077428	1
chr9	37225000	37275000	0.566274198317679	1
chr9	37230000	37250000	0.99826540849339	1
chr9	37230000	37260000	0.793600854386656	1
chr9	37230000	37270000	0.567329488243188	1
chr9	37230000	37290000	0.405641924253162	1
chr9	37235000	37275000	0.572688601190788	1
chr9	37240000	37260000	0.998418253600308	1
chr9	37240000	37265000	0.997907928596911	1
chr9	37240000	37280000	0.569471637925564	1
chr9	37245000	37265000	0.998110493486496	1
chr9	37245000	37275000	0.798189060188181	1
chr9	37250000	37270000	0.998265390029491	1
chr9	37255000	37275000	0.998284465168612	1
chr9	37260000	37280000	0.998317331905524	1
chr9	37265000	37285000	0.997527490524233	1
chr9	37340000	37360000	0.998497129576344	1
chr9	37340000	37365000	0.997890048221014	1
chr9	37345000	37365000	0.998245263369484	1
chr9	37370000	37390000	0.998169641529027	1
chr9	37370000	37400000	0.998221752503769	1
chr9	37370000	37405000	0.800109895534844	1
chr9	37375000	37395000	0.998099093783664	1
chr9	37375000	37400000	0.998033856961408	1
chr9	37375000	37405000	0.997842704974395	1
chr9	37380000	37400000	0.998520945567758	1
chr9	37380000	37405000	0.998005746423071	1
chr9	37385000	37405000	0.99795319549942	1
chr9	37240000	37275000	0.573689439090579	1
chr9	37140000	37195000	0.410577057041298	1
chr9	37225000	37280000	0.405344990203393	1
chr9	37230000	37285000	0.408639978947346	1
chr9	37210000	37275000	0.309065302261641	1
chr9	37200000	37285000	0.244412960774894	1
chr9	37145000	37295000	0.166928768207218	1
chr9	37080000	37325000	0.119619402382734	1
chr9	37030000	37305000	0.127462970540908	1
chr9	37025000	37320000	0.113947642830086	1
chr9	36995000	37335000	0.101973251384225	1
chr9	37080000	37115000	0.573274954579473	1
chr9	37145000	37180000	0.570055464420404	1
chr9	37230000	37265000	0.570000322016299	1
chr9	37205000	37295000	0.241107051071623	1
chr9	37025000	37295000	0.122442615787182	1
chr9	37025000	37305000	0.114758963701705	1
chr9	37030000	37330000	0.120894167304458	1
chr9	37015000	37325000	0.107434109112645	1
chr9	37020000	37330000	0.105925000436338	1
chr9	36995000	37370000	0.103055393103923	1
chr9	37145000	37290000	0.169872573741129	1
chr9	37125000	37295000	0.1385136878293	1
chr9	37120000	37295000	0.14107635096312	1
chr9	36995000	37325000	0.106301118767972	1
chr9	37075000	37110000	0.568409789522697	1
chr9	37140000	37175000	0.568023985620251	1
chr9	37155000	37190000	0.567773541687503	1
chr9	37205000	37240000	0.568168489644971	1
chr9	37185000	37300000	0.197435455478061	1
chr9	37135000	37300000	0.141313264138605	1
chr9	37020000	37285000	0.108842100670821	1
chr9	37020000	37290000	0.108923780343353	1
chr9	37035000	37305000	0.112689772688124	1
chr9	36990000	37295000	0.104660103614957	1
chr9	37025000	37330000	0.104979327617829	1
chr9	36990000	37335000	0.102935577694889	1
chr9	37085000	37110000	0.80556558287818	1
chr9	37245000	37270000	0.807930202853272	1
chr9	37190000	37225000	0.56650775168958	1
chr9	37365000	37400000	0.567174478672211	1
chr9	36990000	37300000	0.096509778049372	1
chr9	37005000	37300000	0.106603561402413	1
chr9	36995000	37295000	0.108245250885223	1
chr9	37050000	37075000	0.801652998355845	1
chr9	37080000	37105000	0.802149665299979	1
chr9	37155000	37180000	0.80338167989104	1
chr9	37160000	37185000	0.80344166960381	1
chr9	37230000	37255000	0.802371450950569	1
chr9	37250000	37275000	0.803490708441545	1
chr9	37200000	37235000	0.564883402397263	1
chr9	37215000	37250000	0.563546770219857	1
chr9	36995000	37020000	0.800594829878361	1
chr9	37045000	37070000	0.800766128496274	1
chr9	37210000	37245000	0.563085680425912	1
chr9	37250000	37285000	0.562801146082429	1
chr9	37140000	37305000	0.138210284246401	1
chr9	37190000	37295000	0.20070459846316	1
chr9	37025000	37135000	0.195933454993768	1
chr9	37190000	37300000	0.195475413180499	1
chr9	37145000	37315000	0.136209430365486	1
chr9	37000000	37025000	0.799224070389148	1
chr9	37205000	37230000	0.79926818112779	1
chr9	37215000	37240000	0.799501844460331	1
chr9	37235000	37260000	0.799253660748957	1
chr9	37255000	37280000	0.799632392334076	1
chr9	37370000	37395000	0.798579243140545	1
chr9	37045000	37080000	0.561807206713778	1
chr9	37185000	37210000	0.797998205330437	1
chr9	37225000	37250000	0.797331159014423	1
chr9	37070000	37105000	0.55990878271158	1
chr9	37145000	37205000	0.313593135252165	1
chr9	36995000	37290000	0.103495424375404	1
chr9	37000000	37295000	0.103040016243802	1
chr9	37120000	37310000	0.120666574431165	1
chr9	36985000	37330000	0.0923723868502351	1
chr9	37030000	37280000	0.107110036294003	1
chr9	37260000	37285000	0.796529589535935	1
chr9	37130000	37155000	0.796356539113133	1
chr9	37335000	37360000	0.796406689472076	1
chr9	37135000	37295000	0.141916285862598	1
chr9	37210000	37270000	0.311220014085825	1
chr9	37010000	37330000	0.0919461947502363	1
chr9	37175000	37200000	0.795785766239195	1
chr9	37330000	37355000	0.795700326884231	1
chr9	37225000	37285000	0.310524965143879	1
chr9	37230000	37275000	0.416821885589793	1
chr9	37190000	37215000	0.795232164221443	1
chr9	37300000	37325000	0.795489516681574	1
chr9	37035000	37060000	0.794447941885249	1
chr9	37220000	37245000	0.794980069771461	1
chr9	37030000	37130000	0.199610730438185	1
chr9	37035000	37190000	0.140217572588665	1
chr9	37195000	37290000	0.20414635602783	1
chr9	37025000	37310000	0.0974247430202531	1
chr9	37220000	37280000	0.306030953379063	1
chr9	37000000	37325000	0.0900500814115273	1
chr9	37225000	37270000	0.415842805420026	1
chr9	36995000	37315000	0.0884728889729172	1
chr9	37240000	37285000	0.414781806117937	1
chr9	37135000	37325000	0.117695409259579	1
chr9	37025000	37325000	0.092318324030756	1
chr9	37130000	37290000	0.136325919271807	1
chr9	37120000	37305000	0.1214344093489	1
chr9	36990000	37325000	0.0884977009936115	1
chr9	37135000	37180000	0.413355438924365	1
chr9	37030000	37190000	0.135224549932042	1
chr9	37150000	37195000	0.411538512139765	1
chr9	37145000	37190000	0.410731331305225	1
chr9	37020000	37315000	0.0912688104915104	1
chr9	37000000	37330000	0.0850144900459476	1
chr9	37005000	37285000	0.092279754824513	1
chr9	37220000	37265000	0.409746728486007	1
chr9	37365000	37410000	0.410084139771467	1
chr9	37150000	37210000	0.299343719551412	1
chr9	37205000	37280000	0.242946377315402	1
chr9	37065000	37110000	0.408675931525766	1
chr9	37235000	37280000	0.406627161086206	1
chr9	37000000	37320000	0.0833039779806235	1
chr9	37035000	37080000	0.405805396444297	1
chr9	37030000	37285000	0.0953499358062089	1
chr9	37135000	37275000	0.142816550770183	1
chr9	37140000	37185000	0.403981348259232	1
chr9	36990000	37320000	0.082454755500563	1
chr9	37005000	37320000	0.0840853174360938	1
chr9	37135000	37285000	0.135475476186978	1
chr9	37025000	37280000	0.0937073940074655	1
chr9	37135000	37280000	0.137884574933701	1
chr9	37025000	37140000	0.165544331381442	1
chr9	37140000	37280000	0.140067421105168	1
chr9	37125000	37300000	0.119243461148234	1
chr9	37030000	37315000	0.0867591976879944	1
chr9	37030000	37325000	0.0855373952015034	1
chr9	37030000	37125000	0.192439302549844	1
chr9	37010000	37310000	0.0841871330555282	1
chr9	37135000	37205000	0.251325662176202	1
chr9	37035000	37330000	0.0833131825118779	1
chr9	37010000	37315000	0.0817715638278563	1
chr9	37195000	37285000	0.195429519048323	1
chr9	37185000	37290000	0.170538785319034	1
chr9	37020000	37295000	0.0865138392421143	1
chr9	37035000	37125000	0.193899314722462	1
chr9	37220000	37275000	0.313412856566615	1
chr9	37210000	37295000	0.202589744162094	1
chr9	37055000	37110000	0.313066850060401	1
chr9	37030000	37210000	0.109434234046738	1
chr9	37030000	37310000	0.0823272591763559	1
chr9	37195000	37250000	0.311268468038835	1
chr9	37040000	37125000	0.199842224975856	1
chr9	37005000	37325000	0.0758581360923549	1
chr9	37035000	37105000	0.241833569340799	1
chr9	37145000	37200000	0.30860745874059	1
chr9	36995000	37320000	0.0741461231191347	1
chr9	37020000	37320000	0.0774822018194565	1
chr9	37215000	37270000	0.307886638938575	1
chr9	37010000	37290000	0.0804941627680214	1
chr9	37020000	37300000	0.0796197622560919	1
chr9	37135000	37190000	0.305919874580646	1
chr9	37035000	37210000	0.10777433925302	1
chr9	36995000	37385000	0.0662759646306628	1
chr9	37125000	37310000	0.10216580680648	1
chr9	37005000	37335000	0.0710674676452765	1
chr9	37125000	37305000	0.103278760887489	1
chr9	37050000	37105000	0.301848280156779	1
chr9	36990000	37305000	0.0725069594446677	1
chr9	37220000	37285000	0.251791513408737	1
chr9	37140000	37285000	0.121469464484842	1
chr9	37030000	37295000	0.0797914396757424	1
chr9	37010000	37305000	0.0742775585139268	1
chr9	37215000	37315000	0.165383617249057	1
chr9	37135000	37305000	0.106734514742803	1
chr9	37130000	37300000	0.106315332116461	1
chr9	37030000	37335000	0.0717539270853841	1
chr9	37010000	37300000	0.0739123681327352	1
chr9	37195000	37295000	0.16389566149452	1
chr9	37025000	37120000	0.17170915953823	1
chr9	36990000	37370000	0.0628118309440136	1
chr9	37020000	37140000	0.138625966744865	1
chr9	37180000	37300000	0.138643343813563	1
chr9	37040000	37105000	0.247270010539507	1
chr9	37210000	37290000	0.199672353482645	1
chr9	37125000	37190000	0.246094488791456	1
chr9	37030000	37150000	0.137313623540781	1
chr9	37025000	37145000	0.137148987357373	1
chr9	37025000	37335000	0.0683632341926058	1
chr9	37010000	37295000	0.072545271709024	1
chr9	37225000	37290000	0.24472007694001	1
chr9	37015000	37295000	0.0728496386176937	1
chr9	37290000	37405000	0.140571191993061	1
chr9	37075000	37115000	0.420509892672256	1
chr9	37130000	37295000	0.103276707995458	1
chr9	37145000	37210000	0.242202276118999	1
chr9	37125000	37205000	0.195231722423412	1
chr9	37020000	37305000	0.0707674929482711	1
chr9	37135000	37290000	0.107987177357849	1
chr9	37215000	37280000	0.240965573821061	1
chr9	37005000	37330000	0.0639482309839755	1
chr9	37010000	37140000	0.123112799576768	1
chr9	37045000	37085000	0.4159552622813	1
chr9	37010000	37325000	0.0653018380999905	1
chr9	37130000	37305000	0.0967868556103308	1
chr9	37205000	37245000	0.415469621166727	1
chr9	37045000	37110000	0.23923095900996	1
chr9	37185000	37295000	0.142268216472021	1
chr9	37025000	37185000	0.103497046501614	1
chr9	37365000	37405000	0.414538779331748	1
chr9	37140000	37180000	0.41433277570826	1
chr9	37220000	37270000	0.318675503289534	1
chr9	37205000	37270000	0.238203842590148	1
chr9	37025000	37210000	0.0917459426776453	1
chr9	37370000	37410000	0.413505208033293	1
chr9	37150000	37200000	0.317883274184891	1
chr9	37000000	37290000	0.0673065004765263	1
chr9	37215000	37290000	0.203295150323954	1
chr9	37040000	37080000	0.411552838706583	1
chr9	37245000	37285000	0.411446843731659	1
chr9	37030000	37185000	0.103988656807028	1
chr9	37000000	37305000	0.0642724034050792	1
chr9	37190000	37230000	0.411315748056615	1
chr9	37155000	37285000	0.119544267480806	1
chr9	36995000	37375000	0.0559163627089196	1
chr9	37035000	37275000	0.074017934998737	1
chr9	37155000	37295000	0.112034855699834	1
chr9	37200000	37240000	0.409064727407668	1
chr9	36995000	37365000	0.0564924628426938	1
chr9	37240000	37290000	0.313470636424766	1
chr9	37130000	37285000	0.102378578704461	1
chr9	37150000	37295000	0.108186492149857	1
chr9	37150000	37190000	0.408378506513622	1
chr9	37015000	37190000	0.0926829121448887	1
chr9	37200000	37290000	0.166256773190304	1
chr9	37190000	37280000	0.165901663698533	1
chr9	37210000	37285000	0.199809789638158	1
chr9	37050000	37090000	0.407222915038697	1
chr9	37065000	37105000	0.406645111927686	1
chr9	37005000	37290000	0.0651687291765404	1
chr9	37060000	37100000	0.406591470007324	1
chr9	37025000	37200000	0.0914389606559645	1
chr9	37025000	37270000	0.0711915495919576	1
chr9	37120000	37225000	0.141337053325919	1
chr9	36995000	37140000	0.106126078816575	1
chr9	37030000	37080000	0.310110248315634	1
chr9	37045000	37095000	0.310055339196177	1
chr9	37150000	37325000	0.090488812440553	1
chr9	37220000	37260000	0.403975569735352	1
chr9	37175000	37265000	0.163213497401964	1
chr9	37005000	37385000	0.0531628216531248	1
chr9	37330000	37405000	0.196435760059923	1
chr9	37030000	37205000	0.0900170209504284	1
chr9	37060000	37110000	0.308330029810507	1
chr9	37025000	37130000	0.139755810645338	1
chr9	37160000	37210000	0.307717683720553	1
chr9	37080000	37225000	0.10449202944499	1
chr9	37180000	37220000	0.401782065658432	1
chr9	37230000	37280000	0.306917732687241	1
chr9	37210000	37260000	0.306308236877422	1
chr9	37015000	37120000	0.138431999691476	1
chr9	37215000	37275000	0.247409720939484	1
chr9	37035000	37290000	0.0665453106364253	1
chr9	37020000	37190000	0.09013228318712	1
chr9	37150000	37290000	0.105843833745753	1
chr9	37005000	37295000	0.0608680753973014	1
chr9	37040000	37100000	0.246418235556866	1
chr9	37015000	37305000	0.0607874244252344	1
chr9	37020000	37335000	0.0575986253137606	1
chr9	37140000	37200000	0.245724062033176	1
chr9	36990000	37365000	0.0513679355365455	1
chr9	37035000	37310000	0.0625431439856557	1
chr9	37160000	37295000	0.108358413361251	1
chr9	37125000	37290000	0.0902591250258563	1
chr9	37035000	37280000	0.0666288617963129	1
chr9	37250000	37280000	0.575577945562408	1
chr9	37015000	37135000	0.119588248367679	1
chr9	37190000	37290000	0.141398567844552	1
chr9	37200000	37230000	0.575292059366857	1
chr9	37030000	37195000	0.0896247588837911	1
chr9	37025000	37125000	0.140893680031632	1
chr9	37130000	37190000	0.242512470379877	1
chr9	37035000	37065000	0.573750292565385	1
chr9	37150000	37260000	0.127918819652934	1
chr9	37140000	37320000	0.0824581471216137	1
chr9	37050000	37110000	0.241493306248984	1
chr9	37205000	37275000	0.203237111820894	1
chr9	37235000	37265000	0.572761101527567	1
chr9	37205000	37235000	0.57252738259632	1
chr9	37155000	37240000	0.164570811677401	1
chr9	37185000	37285000	0.139330598834247	1
chr9	37240000	37270000	0.57226506490818	1
chr9	37255000	37285000	0.571875900807651	1
chr9	37135000	37235000	0.138675165963091	1
chr9	36995000	37025000	0.571420813153478	1
chr9	37000000	37030000	0.571298576555975	1
chr9	37365000	37395000	0.570793766500472	1
chr9	37335000	37365000	0.570769437995471	1
chr9	37005000	37315000	0.0546702656229385	1
chr9	37225000	37255000	0.570378584442759	1
chr9	37005000	37305000	0.0558117548280453	1
chr9	37035000	37135000	0.137755295564908	1
chr9	37215000	37245000	0.56973395676513	1
chr9	37020000	37310000	0.0566289094642451	1
chr9	37140000	37210000	0.200170934860935	1
chr9	37015000	37335000	0.0528194014764079	1
chr9	37210000	37280000	0.199806577131647	1
chr9	37025000	37285000	0.060454027469515	1
chr9	37135000	37165000	0.567802686518376	1
chr9	37330000	37360000	0.567643830323531	1
chr9	37075000	37300000	0.0667440085415743	1
chr9	37070000	37100000	0.567085508468117	1
chr9	37035000	37205000	0.083413040350394	1
chr9	37225000	37295000	0.198611141919339	1
chr9	37035000	37145000	0.123434029579986	1
chr9	37060000	37090000	0.566613397185004	1
chr9	36995000	37380000	0.0464893367067823	1
chr9	36995000	37310000	0.0523743209620429	1
chr9	37005000	37310000	0.0535556831913851	1
chr9	36990000	37380000	0.0462366763391449	1
chr9	37020000	37150000	0.105038509664911	1
chr9	37380000	37410000	0.565663152082601	1
chr9	37220000	37250000	0.565659763226354	1
chr9	37185000	37215000	0.565606420529043	1
chr9	37030000	37375000	0.0489903281858689	1
chr9	37040000	37110000	0.197230695295009	1
chr9	37010000	37340000	0.0506145873028482	1
chr9	37140000	37170000	0.564855936094765	1
chr9	36995000	37350000	0.0477397404818534	1
chr9	37195000	37305000	0.121877616494199	1
chr9	37190000	37285000	0.140737680254674	1
chr9	37035000	37320000	0.0551898699936246	1
chr9	37160000	37190000	0.563889054984906	1
chr9	37180000	37260000	0.168974486355995	1
chr9	37175000	37205000	0.563495887798368	1
chr9	37020000	37205000	0.0755655670341047	1
chr9	37015000	37300000	0.0549426162189319	1
chr9	36995000	37400000	0.0446312786482816	1
chr9	37010000	37385000	0.0459591902828302	1
chr9	36995000	37285000	0.0540223432034519	1
chr9	37030000	37200000	0.0812349508705169	1
chr9	37045000	37115000	0.195265001154025	1
chr9	36985000	37335000	0.0476029093130866	1
chr9	37095000	37125000	0.562626717444175	1
chr9	37035000	37405000	0.046103689646519	1
chr9	37020000	37270000	0.0595049099023444	1
chr9	36995000	37210000	0.0667046056460675	1
chr9	37075000	37105000	0.562200786674241	1
chr9	37030000	37175000	0.0930716804615059	1
chr9	37205000	37300000	0.139429108518798	1
chr9	37200000	37280000	0.167349398446807	1
chr9	37025000	37400000	0.0452671422344584	1
chr9	37040000	37325000	0.0538354440159773	1
chr9	37210000	37240000	0.56036423570498	1
chr9	37010000	37335000	0.0485068704263327	1
chr9	36990000	37310000	0.0490578275530935	1
chr9	37020000	37345000	0.0483769435255212	1
chr9	36990000	37285000	0.051673857995881	1
chr9	37035000	37195000	0.0831072339792566	1
chr9	37125000	37320000	0.0700736446628321	1
chr9	37000000	37125000	0.104161252020668	1
chr9	37000000	37335000	0.0470996392218114	1
chr9	37150000	37310000	0.0827398511870364	1
chr9	37025000	37205000	0.0745945550706871	1
chr9	37000000	37340000	0.0464135876957136	1
chr9	36985000	37315000	0.0472525350668881	1
chr9	36995000	37190000	0.0693981895886349	1
chr9	37155000	37235000	0.163796158914125	1
chr9	36985000	37310000	0.0471347895235253	1
chr9	37015000	37320000	0.049332811744191	1
chr9	37030000	37370000	0.0456704966857597	1
chr9	37015000	37285000	0.0536882652217353	1
