chrX	19585000	19605000	0.998265390029491	1
chrX	19660000	19680000	0.997730115812348	1
chrX	19660000	19690000	0.796356539113133	1
chrX	19665000	19685000	0.998463579382474	1
chrX	19665000	19690000	0.997907928596911	1
chrX	19705000	19725000	0.998196318652586	1
chrX	19710000	19730000	0.998169641529027	1
chrX	19715000	19735000	0.997890048221014	1
chrX	19750000	19865000	0.240965573821061	1
chrX	19750000	19895000	0.198316782013206	1
chrX	19755000	19790000	0.794980069771461	1
chrX	19755000	19830000	0.312450142557861	1
chrX	19755000	19855000	0.24674296041701	1
chrX	19755000	19860000	0.309357096659224	1
chrX	19755000	19865000	0.243420750126793	1
chrX	19755000	19875000	0.307268733204896	1
chrX	19755000	19880000	0.242387732461752	1
chrX	19760000	19785000	0.997880022610844	1
chrX	19760000	19790000	0.794447941885249	1
chrX	19760000	19810000	0.412629614606859	1
chrX	19760000	19825000	0.409695150928356	1
chrX	19760000	19855000	0.312509454817865	1
chrX	19760000	19860000	0.307484599056764	1
chrX	19760000	19865000	0.310640561011563	1
chrX	19760000	19870000	0.30853861822798	1
chrX	19760000	19875000	0.241833569340799	1
chrX	19760000	19880000	0.242870698604019	1
chrX	19760000	19890000	0.198094298679613	1
chrX	19760000	19900000	0.309430491983026	1
chrX	19765000	19785000	0.998502790413295	1
chrX	19765000	19795000	0.796622853432075	1
chrX	19765000	19805000	0.569161609239793	1
chrX	19765000	19815000	0.411315748056615	1
chrX	19765000	19825000	0.408002037069541	1
chrX	19765000	19855000	0.401736919321769	1
chrX	19765000	19860000	0.414401990143568	1
chrX	19765000	19865000	0.31153005637501	1
chrX	19765000	19875000	0.311220014085825	1
chrX	19765000	19880000	0.409901962532653	1
chrX	19765000	19895000	0.251332939643198	1
chrX	19765000	19900000	0.200874532866716	1
chrX	19770000	19790000	0.998748368034676	1
chrX	19770000	19810000	0.565268138138942	1
chrX	19770000	19815000	0.560422531800793	1
chrX	19770000	19855000	0.251055536732051	1
chrX	19770000	19875000	0.309065302261641	1
chrX	19770000	19880000	0.315526143931926	1
chrX	19770000	19885000	0.244090146662176	1
chrX	19775000	19805000	0.797627763354653	1
chrX	19775000	19880000	0.245524682271723	1
chrX	19775000	19885000	0.242560869837889	1
chrX	19780000	19885000	0.308330029810507	1
chrX	19780000	19900000	0.194471777739212	1
chrX	19785000	19825000	0.563706037552251	1
chrX	19785000	19875000	0.306917732687241	1
chrX	19785000	19900000	0.241011786201499	1
chrX	19790000	19810000	0.998356168387936	1
chrX	19790000	19815000	0.998317331905524	1
chrX	19790000	19820000	0.799355719030163	1
chrX	19790000	19830000	0.560321576282728	1
chrX	19790000	19865000	0.411612553593203	1
chrX	19790000	19880000	0.414612580243769	1
chrX	19790000	19885000	0.245766927107989	1
chrX	19790000	19895000	0.309090566690803	1
chrX	19790000	19900000	0.240843491642397	1
chrX	19795000	19815000	0.997918523952116	1
chrX	19795000	19825000	0.794702858715871	1
chrX	19800000	19830000	0.795700326884231	1
chrX	19800000	19865000	0.407267539200593	1
chrX	19805000	19825000	0.998360986687803	1
chrX	19805000	19880000	0.307717683720553	1
chrX	19805000	19885000	0.406217592326537	1
chrX	19810000	19840000	0.801364205082177	1
chrX	19810000	19850000	0.556198048408719	1
chrX	19810000	19860000	0.405805396444297	1
chrX	19810000	19865000	0.566242041668934	1
chrX	19810000	19870000	0.405344990203393	1
chrX	19810000	19880000	0.400063808329228	1
chrX	19815000	19835000	0.998135917201992	1
chrX	19815000	19855000	0.570358100326838	1
chrX	19815000	19865000	0.413678637121642	1
chrX	19815000	19875000	0.40968403967203	1
chrX	19820000	19840000	0.998196857663657	1
chrX	19825000	19845000	0.998364153497661	1
chrX	19825000	19850000	0.998209584767306	1
chrX	19825000	19855000	0.801209201018395	1
chrX	19825000	19860000	0.799224070389148	1
chrX	19825000	19865000	0.56650775168958	1
chrX	19825000	19870000	0.570000322016299	1
chrX	19825000	19875000	0.408248005786922	1
chrX	19825000	19880000	0.55851657331427	1
chrX	19830000	19850000	0.99999999999983	1
chrX	19830000	19855000	0.998201031372494	1
chrX	19830000	19860000	0.801614017339423	1
chrX	19835000	19855000	0.9990562177032	1
chrX	19840000	19860000	0.998221752503769	1
chrX	19855000	19875000	0.998139982799451	1
chrX	19860000	19880000	0.99826540849339	1
chrX	19860000	19900000	0.561807206713778	1
chrX	19865000	19885000	0.998443768441492	1
chrX	19865000	19900000	0.796175672908278	1
chrX	19880000	19900000	0.998571080673063	1
chrX	19925000	20005000	0.317570223841932	1
chrX	19930000	20005000	0.313066850060401	1
chrX	19960000	19980000	0.998005746423071	1
chrX	19965000	19985000	0.998040974841874	1
chrX	19970000	19995000	0.997871605280675	1
chrX	20015000	20065000	0.407979473455107	1
chrX	20020000	20070000	0.407222915038697	1
chrX	19790000	19825000	0.574839271056829	1
chrX	19795000	19830000	0.573750292565385	1
chrX	19790000	19845000	0.412742680618779	1
chrX	19765000	19830000	0.307160369244916	1
chrX	19790000	19855000	0.309011739907396	1
chrX	19830000	19895000	0.309036065082815	1
chrX	19795000	19865000	0.30443440202802	1
chrX	19805000	19875000	0.317123115263735	1
chrX	19750000	19890000	0.16868609845169	1
chrX	19750000	19900000	0.160574802976659	1
chrX	19755000	19905000	0.16621168292237	1
chrX	19745000	19900000	0.163268081606176	1
chrX	19770000	19805000	0.573365103191512	1
chrX	19860000	19895000	0.571298576555975	1
chrX	19800000	19880000	0.247643990481834	1
chrX	19780000	19870000	0.242635622735978	1
chrX	19920000	20010000	0.238203842590148	1
chrX	19920000	20085000	0.14430599129804	1
chrX	19805000	19840000	0.568289685685328	1
chrX	19755000	19870000	0.195420130917067	1
chrX	19775000	19890000	0.194942239733771	1
chrX	19755000	19900000	0.169054785527067	1
chrX	19810000	19845000	0.566613397185004	1
chrX	19820000	19855000	0.566787828526707	1
chrX	19830000	19865000	0.565659763226354	1
chrX	19760000	19840000	0.244398542880559	1
chrX	19745000	19890000	0.16306483501154	1
chrX	19765000	19790000	0.804198626881041	1
chrX	19750000	19885000	0.164570811677401	1
chrX	19755000	19890000	0.166928768207218	1
chrX	19760000	19905000	0.161560803748084	1
chrX	19705000	19730000	0.801596353911959	1
chrX	19710000	19735000	0.803139805834516	1
chrX	19720000	19745000	0.801652998355845	1
chrX	19855000	19880000	0.802643244763989	1
chrX	19875000	19900000	0.803490708441545	1
chrX	19775000	19810000	0.56404108914116	1
chrX	19780000	19860000	0.242939658926636	1
chrX	19785000	19865000	0.241430232535574	1
chrX	19790000	19870000	0.242868424788914	1
chrX	19810000	19835000	0.80062117357342	1
chrX	19835000	19860000	0.800594829878361	1
chrX	19980000	20005000	0.800766128496274	1
chrX	19755000	19885000	0.16550227276994	1
chrX	19755000	19895000	0.159839658713843	1
chrX	19660000	19685000	0.799945270599387	1
chrX	19765000	19870000	0.199183245043646	1
chrX	19795000	19900000	0.199806577131647	1
chrX	19700000	19725000	0.799250503367681	1
chrX	19725000	19750000	0.798418781327108	1
chrX	19770000	19795000	0.798371578792862	1
chrX	19820000	19845000	0.799632392334076	1
chrX	19870000	19895000	0.798903337884659	1
chrX	19975000	20000000	0.798866068731098	1
chrX	19760000	19795000	0.56118337540566	1
chrX	19770000	19830000	0.313128873582338	1
chrX	19685000	19710000	0.796970659757791	1
chrX	19795000	19820000	0.796671293614879	1
chrX	19940000	19965000	0.796406689472076	1
chrX	19795000	19855000	0.311793225263826	1
chrX	19825000	19885000	0.312187800133526	1
chrX	19760000	19885000	0.165544331381442	1
chrX	19755000	19800000	0.420509892672256	1
chrX	19880000	19905000	0.795785766239195	1
chrX	19770000	19890000	0.171496747523177	1
chrX	19805000	19865000	0.308800821934878	1
chrX	19820000	19880000	0.30958282959756	1
chrX	19755000	19780000	0.795486234952969	1
chrX	19780000	19805000	0.79533809053578	1
chrX	19775000	19900000	0.164760108588672	1
chrX	19920000	20080000	0.141274143079627	1
chrX	19715000	19740000	0.794832033652425	1
chrX	20045000	20070000	0.794570254736811	1
chrX	19805000	19830000	0.793600854386656	1
chrX	19770000	19870000	0.199672353482645	1
chrX	19775000	19875000	0.199702535250998	1
chrX	19790000	19850000	0.306030953379063	1
chrX	19925000	20085000	0.137313623540781	1
chrX	19775000	19820000	0.413790905588835	1
chrX	19810000	19855000	0.413543955909264	1
chrX	19815000	19860000	0.413405130843722	1
chrX	19760000	19820000	0.300368987080271	1
chrX	19780000	19875000	0.198975618096575	1
chrX	19765000	19885000	0.163883455331381	1
chrX	19830000	19875000	0.407129071757314	1
chrX	19925000	19970000	0.406645111927686	1
chrX	19825000	19900000	0.239632149103693	1
chrX	19785000	19830000	0.403975569735352	1
chrX	19820000	19865000	0.403981348259232	1
chrX	19785000	19880000	0.194962938615795	1
chrX	19920000	20090000	0.120958595692165	1
chrX	19775000	19870000	0.192125077294544	1
chrX	19760000	19895000	0.142044613718614	1
chrX	19755000	19810000	0.321453737385147	1
chrX	19750000	19860000	0.168287087736927	1
chrX	19915000	20080000	0.121690679568664	1
chrX	19770000	19860000	0.197343319525896	1
chrX	19820000	19875000	0.317883274184891	1
chrX	19915000	20005000	0.195933454993768	1
chrX	19745000	19905000	0.122281557907975	1
chrX	19790000	19860000	0.24818050962488	1
chrX	19790000	19875000	0.204281962233074	1
chrX	19765000	19820000	0.314334301939548	1
chrX	19785000	19870000	0.203237111820894	1
chrX	19930000	20080000	0.127462970540908	1
chrX	19760000	19830000	0.245502484373602	1
chrX	19770000	19825000	0.311946317728504	1
chrX	19730000	19900000	0.115245707785959	1
chrX	19795000	19880000	0.201339693762772	1
chrX	19925000	20080000	0.122442615787182	1
chrX	19775000	19830000	0.30902532601232	1
chrX	19800000	19855000	0.308235677048282	1
chrX	19755000	19825000	0.240145940717852	1
chrX	19765000	19890000	0.14107635096312	1
chrX	19920000	20005000	0.196750042518088	1
chrX	19785000	19885000	0.170059293395311	1
chrX	19770000	19895000	0.140871536307699	1
chrX	19790000	19890000	0.168974486355995	1
chrX	19780000	19865000	0.194700334498035	1
chrX	19795000	19875000	0.20530619041581	1
chrX	19805000	19860000	0.301842455135551	1
chrX	19825000	19895000	0.234469218738802	1
chrX	19795000	19895000	0.166668252256796	1
chrX	19910000	20085000	0.103876452420095	1
chrX	19810000	19890000	0.202369107193164	1
chrX	19745000	19895000	0.116761505103937	1
chrX	19930000	20010000	0.20070459846316	1
chrX	19960000	20130000	0.104777731060783	1
chrX	19795000	19860000	0.247050915647528	1
chrX	19775000	19895000	0.138252252117784	1
chrX	19910000	20005000	0.169043757550468	1
chrX	19815000	19880000	0.246168261516774	1
chrX	19750000	19870000	0.137274129497904	1
chrX	19810000	19875000	0.244942430509922	1
chrX	19915000	20085000	0.10216580680648	1
chrX	19820000	19885000	0.243848557468628	1
chrX	19770000	19865000	0.166216061551998	1
chrX	19925000	20090000	0.102994151578104	1
chrX	19800000	19895000	0.165383617249057	1
chrX	19920000	20145000	0.0814466966778074	1
chrX	19755000	19850000	0.16449240023229	1
chrX	19805000	19870000	0.240178135530217	1
chrX	19750000	19880000	0.123440134234725	1
chrX	19745000	19880000	0.119619402382734	1
chrX	19830000	19870000	0.415295339897373	1
chrX	19820000	19860000	0.414781806117937	1
chrX	19775000	19815000	0.414538779331748	1
chrX	19855000	19895000	0.41433277570826	1
chrX	19945000	19985000	0.413769993617841	1
chrX	19930000	20145000	0.0823272591763559	1
chrX	19845000	19885000	0.413468375199618	1
chrX	19780000	19820000	0.413239513550195	1
chrX	19760000	19850000	0.169403583265451	1
chrX	19915000	20075000	0.101660852898546	1
chrX	19645000	19685000	0.411552838706583	1
chrX	19750000	19905000	0.10364887547043	1
chrX	19945000	19995000	0.314287170237044	1
chrX	19920000	20070000	0.105843833745753	1
chrX	19750000	19800000	0.313687290141863	1
chrX	19785000	19835000	0.313412856566615	1
chrX	19785000	19895000	0.137884574933701	1
chrX	19775000	19865000	0.166256773190304	1
chrX	19755000	19845000	0.165753779763419	1
chrX	19925000	20075000	0.104660103614957	1
chrX	19795000	19885000	0.165686576069331	1
chrX	19805000	19855000	0.312026007022374	1
chrX	19935000	20080000	0.106958473811928	1
chrX	19910000	20080000	0.0939815273536411	1
chrX	19765000	19840000	0.198708389718986	1
chrX	19830000	19880000	0.310529087917102	1
chrX	19645000	19695000	0.309955686019626	1
chrX	19740000	19910000	0.0930638499554104	1
chrX	19775000	19850000	0.197451660234622	1
chrX	19755000	19805000	0.308748211793192	1
chrX	19925000	20095000	0.0921582980138716	1
chrX	19730000	19905000	0.089865980547125	1
chrX	19745000	19885000	0.107920537548836	1
chrX	19760000	19835000	0.195693319120255	1
chrX	19655000	19695000	0.402065272074571	1
chrX	19750000	19875000	0.118405298237481	1
chrX	19610000	20010000	0.0510599463096363	1
chrX	19925000	20070000	0.102536903531675	1
chrX	19755000	19815000	0.245652146557927	1
chrX	19920000	20095000	0.0867591976879944	1
chrX	19665000	19695000	0.577227085935541	1
chrX	19970000	20105000	0.107994229409257	1
chrX	19745000	19865000	0.119955347856928	1
chrX	19855000	19885000	0.576052201369539	1
chrX	19775000	19860000	0.166917085411481	1
chrX	19930000	20085000	0.0948032680362194	1
chrX	19800000	19900000	0.141362851025065	1
chrX	19755000	19840000	0.166473826682475	1
chrX	19915000	20070000	0.0941543902646588	1
chrX	19960000	20080000	0.118803232578559	1
chrX	19780000	19880000	0.140655556972809	1
chrX	19925000	19985000	0.242127161839033	1
chrX	19830000	19900000	0.203540182818876	1
chrX	19925000	20055000	0.10903266374622	1
chrX	19755000	19785000	0.572688601190788	1
chrX	19720000	19905000	0.0801826850193403	1
chrX	19815000	19845000	0.572072508498556	1
chrX	19865000	19895000	0.571785744207808	1
chrX	19820000	19890000	0.201959296953533	1
chrX	19835000	19865000	0.570793766500472	1
chrX	19770000	19900000	0.10777433925302	1
chrX	19815000	19885000	0.201583173645311	1
chrX	19925000	20100000	0.0827584119408353	1
chrX	19745000	19845000	0.137447800350383	1
chrX	19820000	19850000	0.569471637925564	1
chrX	19705000	19885000	0.0805514191248118	1
chrX	19810000	19895000	0.162331497850554	1
chrX	19870000	19900000	0.568615185337619	1
chrX	19905000	20080000	0.0821595513573155	1
chrX	20040000	20070000	0.568131507232622	1
chrX	19785000	19815000	0.567802686518376	1
chrX	19945000	20060000	0.118911777521532	1
chrX	19745000	19830000	0.160703866057711	1
chrX	19780000	19895000	0.118719106456256	1
chrX	19930000	20135000	0.0714039512245511	1
chrX	19935000	20085000	0.0920493448908496	1
chrX	19755000	19835000	0.170538785319034	1
chrX	19655000	19685000	0.565663152082601	1
