chrX	12955000	13505000	0.10364887547043	1
chrX	12955000	13510000	0.114758963701705	1
chrX	12960000	13105000	0.203295150323954	1
chrX	12960000	13110000	0.20070459846316	1
chrX	12960000	13495000	0.138210284246401	1
chrX	12960000	13500000	0.0912688104915104	1
chrX	12960000	13505000	0.192439302549844	1
chrX	12960000	13510000	0.205139136569051	1
chrX	12960000	13515000	0.092279754824513	1
chrX	12965000	12985000	0.998073890680245	1
chrX	12965000	12995000	0.997698111854611	1
chrX	12965000	13000000	0.794980069771461	1
chrX	12965000	13015000	0.573750292565385	1
chrX	12965000	13020000	0.569161609239793	1
chrX	12965000	13070000	0.307546244594106	1
chrX	12965000	13090000	0.313412856566615	1
chrX	12965000	13095000	0.412742680618779	1
chrX	12965000	13100000	0.800527145183251	1
chrX	12965000	13105000	0.801480099930608	1
chrX	12965000	13110000	0.311220014085825	1
chrX	12965000	13500000	0.14430599129804	1
chrX	12965000	13505000	0.308519408146853	1
chrX	12970000	12990000	0.99999999999983	1
chrX	12970000	12995000	0.998284465168612	1
chrX	12970000	13000000	0.800481208199485	1
chrX	12970000	13015000	0.799975434107916	1
chrX	12970000	13020000	0.415469621166727	1
chrX	12970000	13070000	0.241493306248984	1
chrX	12970000	13090000	0.247534937733639	1
chrX	12970000	13095000	0.563085680425912	1
chrX	12970000	13100000	0.568168489644971	1
chrX	12970000	13105000	0.563889054984906	1
chrX	12970000	13110000	0.242669072320009	1
chrX	12970000	13505000	0.101973251384225	1
chrX	12975000	12995000	0.998729905298596	1
chrX	12975000	13000000	0.998033856961408	1
chrX	12975000	13015000	0.797039591769217	1
chrX	12975000	13020000	0.560321576282728	1
chrX	12975000	13095000	0.321453737385147	1
chrX	12975000	13100000	0.411280413121912	1
chrX	12975000	13105000	0.40872959284892	1
chrX	12980000	13100000	0.30443440202802	1
chrX	12980000	13105000	0.200750167188803	1
chrX	12985000	13095000	0.310016166242334	1
chrX	12985000	13100000	0.313593135252165	1
chrX	12985000	13105000	0.30958282959756	1
chrX	12990000	13010000	0.998099093783664	1
chrX	12990000	13020000	0.797998205330437	1
chrX	12990000	13095000	0.562410682776356	1
chrX	12990000	13100000	0.414417275473186	1
chrX	12990000	13105000	0.560542787257716	1
chrX	12990000	13110000	0.195052819642086	1
chrX	12990000	13505000	0.0913861549772316	1
chrX	12995000	13015000	0.99999999999983	1
chrX	12995000	13020000	0.998888109951448	1
chrX	12995000	13025000	0.799501844460331	1
chrX	12995000	13070000	0.407979473455107	1
chrX	12995000	13090000	0.409695150928356	1
chrX	12995000	13095000	0.411458291788051	1
chrX	12995000	13100000	0.576052201369539	1
chrX	12995000	13105000	0.799224070389148	1
chrX	12995000	13110000	0.242885934462633	1
chrX	13000000	13020000	0.99999999999983	1
chrX	13000000	13030000	0.798571526707803	1
chrX	13000000	13070000	0.411612553593203	1
chrX	13000000	13090000	0.313687290141863	1
chrX	13000000	13095000	0.570787010970432	1
chrX	13000000	13100000	0.998169641529027	1
chrX	13000000	13105000	0.577227085935541	1
chrX	13000000	13110000	0.237085806037204	1
chrX	13000000	13505000	0.096509778049372	1
chrX	13005000	13090000	0.310974519504503	1
chrX	13005000	13095000	0.414538779331748	1
chrX	13005000	13100000	0.571875900807651	1
chrX	13005000	13105000	0.413543955909264	1
chrX	13010000	13095000	0.571678367488456	1
chrX	13010000	13100000	0.417443086726252	1
chrX	13010000	13105000	0.408639978947346	1
chrX	13015000	13065000	0.413468375199618	1
chrX	13015000	13070000	0.420509892672256	1
chrX	13015000	13075000	0.401782065658432	1
chrX	13015000	13090000	0.795232164221443	1
chrX	13015000	13095000	0.798903337884659	1
chrX	13015000	13100000	0.568366589426951	1
chrX	13015000	13105000	0.798579243140545	1
chrX	13020000	13040000	0.997880022610844	1
chrX	13020000	13065000	0.799955997938083	1
chrX	13020000	13070000	0.796706388816014	1
chrX	13020000	13080000	0.412067396650367	1
chrX	13020000	13085000	0.411315748056615	1
chrX	13020000	13090000	0.800528815544018	1
chrX	13020000	13095000	0.998347728893153	1
chrX	13020000	13100000	0.998500263100086	1
chrX	13020000	13105000	0.998171919577444	1
chrX	13025000	13045000	0.998748368034676	1
chrX	13025000	13050000	0.997890048221014	1
chrX	13025000	13055000	0.803304481311732	1
chrX	13025000	13060000	0.798866068731098	1
chrX	13025000	13065000	0.798151360151455	1
chrX	13025000	13070000	0.796529589535935	1
chrX	13025000	13075000	0.567891635208514	1
chrX	13025000	13080000	0.56118337540566	1
chrX	13025000	13085000	0.405805396444297	1
chrX	13025000	13090000	0.55851657331427	1
chrX	13025000	13095000	0.9980395889885	1
chrX	13025000	13100000	0.797698156924038	1
chrX	13025000	13105000	0.414203216275577	1
chrX	13030000	13050000	0.998543226213576	1
chrX	13030000	13055000	0.998735208572337	1
chrX	13030000	13060000	0.998354178914718	1
chrX	13030000	13065000	0.797782231417145	1
chrX	13030000	13070000	0.801364205082177	1
chrX	13030000	13075000	0.56036423570498	1
chrX	13030000	13080000	0.405800252753617	1
chrX	13030000	13090000	0.563706037552251	1
chrX	13030000	13095000	0.414401990143568	1
chrX	13030000	13100000	0.570000322016299	1
chrX	13030000	13105000	0.406411494886363	1
chrX	13035000	13055000	0.998682179597895	1
chrX	13035000	13060000	0.998463579382474	1
chrX	13035000	13065000	0.803641227558665	1
chrX	13035000	13075000	0.56973395676513	1
chrX	13035000	13090000	0.794702858715871	1
chrX	13035000	13095000	0.571298576555975	1
chrX	13035000	13100000	0.405378847656733	1
chrX	13040000	13060000	0.998833196831527	1
chrX	13040000	13065000	0.998364153497661	1
chrX	13040000	13070000	0.997907928596911	1
chrX	13040000	13075000	0.800560892246373	1
chrX	13040000	13085000	0.55682657845846	1
chrX	13040000	13090000	0.57078235165551	1
chrX	13040000	13095000	0.561052622418176	1
chrX	13040000	13100000	0.568615185337619	1
chrX	13045000	13065000	0.99999999999983	1
chrX	13045000	13070000	0.998221752503769	1
chrX	13045000	13075000	0.795785766239195	1
chrX	13045000	13085000	0.795486234952969	1
chrX	13045000	13090000	0.799945270599387	1
chrX	13045000	13095000	0.794570254736811	1
chrX	13045000	13100000	0.418075238671144	1
chrX	13050000	13070000	0.998633160478398	1
chrX	13050000	13075000	0.998089351818738	1
chrX	13055000	13075000	0.99826540849339	1
chrX	13055000	13080000	0.998106195788791	1
chrX	13055000	13085000	0.795700326884231	1
chrX	13060000	13090000	0.797627383232618	1
chrX	13065000	13090000	0.998008801875185	1
chrX	13065000	13095000	0.801614017339423	1
chrX	13070000	13090000	0.99999999999983	1
chrX	13070000	13095000	0.99999999999983	1
chrX	13070000	13100000	0.802149665299979	1
chrX	13075000	13095000	0.998641190211429	1
chrX	13100000	13505000	0.162259562567896	1
chrX	13105000	13270000	0.197176389687422	1
chrX	13105000	13275000	0.168287087736927	1
chrX	13105000	13500000	0.137671230812607	1
chrX	13105000	13505000	0.244090146662176	1
chrX	13110000	13270000	0.200453569373293	1
chrX	13110000	13275000	0.162185456496241	1
chrX	13110000	13490000	0.120958595692165	1
chrX	13110000	13500000	0.194700334498035	1
chrX	13110000	13505000	0.246094488791456	1
chrX	13110000	13510000	0.117695409259579	1
chrX	13115000	13495000	0.114942222910143	1
chrX	13115000	13500000	0.155602713671602	1
chrX	13115000	13505000	0.137884574933701	1
chrX	13115000	13510000	0.104660103614957	1
chrX	13145000	13165000	0.997918523952116	1
chrX	13150000	13180000	0.799253660748957	1
chrX	13270000	13505000	0.146533254662673	1
chrX	13275000	13500000	0.139944653564311	1
chrX	13295000	13315000	0.998209584767306	1
chrX	13310000	13330000	0.99827872513732	1
chrX	13060000	13095000	0.574157245593916	1
chrX	13020000	13075000	0.411714361305587	1
chrX	12995000	13065000	0.313403838865238	1
chrX	13015000	13085000	0.306848161486314	1
chrX	13125000	13505000	0.105817918870316	1
chrX	13110000	13495000	0.122325224481382	1
chrX	12965000	13495000	0.0884977009936115	1
chrX	12970000	13500000	0.0939926585136717	1
chrX	13035000	13070000	0.570793766500472	1
chrX	13045000	13080000	0.571176367947615	1
chrX	13275000	13505000	0.123756704277162	1
chrX	13020000	13110000	0.238428525136593	1
chrX	12975000	13110000	0.169054785527067	1
chrX	12970000	13005000	0.567643830323531	1
chrX	12995000	13030000	0.568033930049858	1
chrX	13050000	13085000	0.568289685685328	1
chrX	12975000	13090000	0.199842224975856	1
chrX	12980000	13095000	0.193831437516966	1
chrX	12990000	13015000	0.807930202853272	1
chrX	13000000	13025000	0.806210037766824	1
chrX	13020000	13055000	0.566787828526707	1
chrX	13055000	13090000	0.565606420529043	1
chrX	12965000	13275000	0.0962154968047486	1
chrX	12965000	12990000	0.803800595813314	1
chrX	13155000	13180000	0.803171974890081	1
chrX	12980000	13015000	0.565109795540571	1
chrX	12995000	13075000	0.242870698604019	1
chrX	13005000	13085000	0.242497335008183	1
chrX	13120000	13500000	0.090488812440553	1
chrX	13270000	13500000	0.116281165162947	1
chrX	13115000	13490000	0.0902666833052312	1
chrX	13060000	13085000	0.798371578792862	1
chrX	13230000	13255000	0.799355719030163	1
chrX	13405000	13430000	0.79926818112779	1
chrX	13065000	13100000	0.560660941068558	1
chrX	12975000	13010000	0.560422531800793	1
chrX	13005000	13065000	0.313856567674517	1
chrX	12970000	13275000	0.0969798517471728	1
chrX	13150000	13175000	0.796406689472076	1
chrX	12965000	13025000	0.30902532601232	1
chrX	12960000	13520000	0.0741404198746055	1
chrX	13015000	13505000	0.0776851454518906	1
chrX	13010000	13110000	0.201804668520642	1
chrX	13110000	13265000	0.140647703807491	1
chrX	13075000	13100000	0.7934861930461	1
chrX	12965000	13280000	0.092318324030756	1
chrX	12990000	13090000	0.198903156147037	1
chrX	13050000	13095000	0.411477795872511	1
chrX	12965000	13010000	0.410577057041298	1
chrX	12955000	13515000	0.0686389702582456	1
chrX	12990000	13065000	0.242675513400722	1
chrX	13125000	13495000	0.0792455883244292	1
chrX	12965000	13270000	0.0873451269654232	1
chrX	12970000	13490000	0.0692237028436833	1
chrX	13280000	13495000	0.106600009935615	1
chrX	12990000	13085000	0.197343319525896	1
chrX	13015000	13110000	0.196295723154736	1
chrX	12965000	13080000	0.165347357900745	1
chrX	12965000	13490000	0.065718614025657	1
chrX	12980000	13500000	0.0652736374954019	1
chrX	12975000	13505000	0.0641128136690602	1
chrX	13120000	13505000	0.0728496386176937	1
chrX	12950000	13510000	0.0635932300665075	1
chrX	12960000	13115000	0.128215944670132	1
chrX	12960000	13090000	0.142734189468965	1
chrX	12965000	13510000	0.0637972351797809	1
chrX	12980000	13090000	0.164973460779419	1
chrX	13015000	13270000	0.0890818460288459	1
chrX	13030000	13085000	0.314323762909123	1
chrX	13005000	13110000	0.16868609845169	1
chrX	13135000	13505000	0.0702289847079281	1
chrX	12970000	13025000	0.31213877042877	1
chrX	13035000	13105000	0.244724009519996	1
chrX	12970000	13040000	0.243967527829485	1
chrX	12995000	13505000	0.0612145862269641	1
chrX	13020000	13500000	0.061803952966724	1
chrX	13280000	13500000	0.093887422222662	1
chrX	13275000	13495000	0.0930716804615059	1
chrX	12995000	13080000	0.197776330504661	1
chrX	12995000	13275000	0.0797914396757424	1
chrX	13025000	13505000	0.0605285755101027	1
chrX	13280000	13505000	0.0902591250258563	1
chrX	13005000	13075000	0.237381363871838	1
chrX	13000000	13085000	0.195420130917067	1
chrX	12950000	13495000	0.0566633365521005	1
chrX	13120000	13490000	0.0653018380999905	1
chrX	13010000	13065000	0.300368987080271	1
chrX	13110000	13485000	0.0647945563784852	1
chrX	13110000	13515000	0.0626120733988097	1
chrX	13000000	13500000	0.056608382655191	1
chrX	12965000	13115000	0.117199655735771	1
chrX	13265000	13505000	0.082683623882284	1
chrX	13125000	13500000	0.0640017286110939	1
chrX	13105000	13490000	0.0633081877628376	1
chrX	13010000	13090000	0.201383271443808	1
chrX	12965000	13030000	0.247643990481834	1
chrX	12960000	13100000	0.121836468374385	1
chrX	13040000	13105000	0.246418235556866	1
chrX	13020000	13505000	0.0554515656500971	1
chrX	13115000	13275000	0.108358413361251	1
chrX	12950000	13515000	0.0527589282237504	1
chrX	12980000	13080000	0.160574802976659	1
chrX	12985000	13065000	0.197232747840763	1
chrX	12970000	13050000	0.196953323294163	1
chrX	12985000	13500000	0.0528438419530676	1
chrX	13015000	13055000	0.419423862965918	1
chrX	12975000	13070000	0.165544331381442	1
chrX	12970000	13085000	0.139429108518798	1
chrX	12985000	13080000	0.164749173011336	1
chrX	13280000	13510000	0.0796872941655326	1
chrX	13010000	13075000	0.240102880165182	1
chrX	13040000	13080000	0.415262637912501	1
chrX	13025000	13270000	0.0751144322194989	1
chrX	12950000	13500000	0.049415368695523	1
chrX	13050000	13090000	0.413678637121642	1
chrX	13270000	13490000	0.0807659733329988	1
chrX	13270000	13495000	0.0792259465880792	1
chrX	13115000	13270000	0.104961196907983	1
chrX	12980000	13055000	0.20414635602783	1
chrX	12975000	13085000	0.140723942295192	1
chrX	12970000	13010000	0.411552838706583	1
chrX	12965000	13040000	0.202857754086475	1
chrX	13120000	13270000	0.10692400084441	1
chrX	13095000	13500000	0.0551563401341143	1
chrX	13315000	13365000	0.31411838017212	1
chrX	13005000	13070000	0.234469218738802	1
chrX	12980000	13020000	0.409064727407668	1
chrX	12965000	13085000	0.127877132551924	1
chrX	13105000	13495000	0.0549798830050475	1
chrX	12980000	13030000	0.313107585021017	1
chrX	12965000	13005000	0.408080455307824	1
chrX	13005000	13045000	0.407588749822204	1
chrX	13060000	13100000	0.407283886276551	1
chrX	13000000	13270000	0.0679439783710651	1
chrX	13020000	13060000	0.407222915038697	1
chrX	13035000	13085000	0.311885059871025	1
chrX	13125000	13510000	0.0543607794594898	1
chrX	12960000	13270000	0.0613976763651583	1
chrX	13000000	13075000	0.198316782013206	1
chrX	13055000	13095000	0.405344990203393	1
chrX	12995000	13490000	0.0480961586216373	1
chrX	12995000	13270000	0.0658809388817762	1
chrX	13120000	13170000	0.309626825331495	1
chrX	12965000	13075000	0.135224549932042	1
chrX	13120000	13265000	0.105769967587323	1
chrX	12990000	13500000	0.0472542096826431	1
chrX	13145000	13195000	0.309090566690803	1
chrX	12985000	13090000	0.140516335717555	1
chrX	13065000	13105000	0.403981348259232	1
chrX	13010000	13085000	0.196435760059923	1
chrX	12975000	13065000	0.162654435414321	1
chrX	12975000	13025000	0.307886638938575	1
chrX	12995000	13045000	0.307484599056764	1
chrX	12970000	13270000	0.0606086521670845	1
chrX	12970000	13075000	0.1385136878293	1
chrX	13275000	13490000	0.0755655670341047	1
chrX	12980000	13070000	0.160686458300293	1
chrX	13120000	13495000	0.0523743209620429	1
chrX	13000000	13060000	0.247050915647528	1
chrX	12975000	13075000	0.143979674674302	1
chrX	13125000	13265000	0.105955441762592	1
chrX	12975000	13500000	0.0446622626039365	1
chrX	13005000	13505000	0.0453829569550918	1
chrX	12960000	13300000	0.0538354440159773	1
chrX	12965000	13065000	0.142110742858302	1
chrX	13010000	13070000	0.24428677825994	1
chrX	13285000	13500000	0.0733370680555757	1
chrX	12960000	13275000	0.0564924628426938	1
chrX	13210000	13505000	0.0589057641099827	1
chrX	13140000	13505000	0.0512449369115879	1
chrX	13145000	13500000	0.0517249205107445	1
chrX	12970000	13030000	0.242939658926636	1
chrX	12980000	13275000	0.0582034834131161	1
chrX	12985000	13070000	0.165837579757853	1
chrX	12965000	13050000	0.165803032122295	1
chrX	13045000	13105000	0.241516157928119	1
chrX	12995000	13055000	0.241430232535574	1
chrX	12990000	13275000	0.058683618145484	1
chrX	13265000	13500000	0.0661666992751973	1
chrX	13130000	13495000	0.0493930324871256	1
chrX	12960000	13325000	0.0493865882351197	1
chrX	13050000	13080000	0.570307668998174	1
chrX	12975000	13490000	0.0416893085164693	1
chrX	12980000	13110000	0.107379662628962	1
chrX	12980000	13075000	0.143756337305961	1
chrX	12985000	13015000	0.568067129020961	1
chrX	12955000	13520000	0.0400965769074757	1
chrX	13020000	13050000	0.567326528841742	1
chrX	13110000	13280000	0.0834972385749573	1
chrX	13215000	13245000	0.566613397185004	1
chrX	12965000	13035000	0.198094298679613	1
chrX	13110000	13260000	0.0920493448908496	1
chrX	13025000	13110000	0.159639069506743	1
chrX	13095000	13505000	0.0454796562541879	1
chrX	13160000	13190000	0.564883402397263	1
chrX	13195000	13265000	0.196775850809391	1
chrX	12955000	13490000	0.0393554066451163	1
chrX	12975000	13005000	0.563859708128392	1
chrX	12965000	13060000	0.140433560436641	1
chrX	12985000	13275000	0.0542082855571091	1
chrX	12970000	13080000	0.120916808031915	1
chrX	12990000	13070000	0.168330452198305	1
chrX	13105000	13510000	0.0441651045873898	1
chrX	13225000	13255000	0.561807206713778	1
chrX	13090000	13505000	0.0436789136160691	1
chrX	12970000	13495000	0.038581206677359	1
chrX	13120000	13320000	0.0702972588250218	1
chrX	12995000	13500000	0.0390615341998504	1
chrX	13130000	13440000	0.0507530191650511	1
chrX	13140000	13220000	0.166917085411481	1
chrX	13275000	13480000	0.0685037735032555	1
